1.00000000 0.00000000 0.00000000 -0.00000000 0.00000000 1.00000000 0.00000000 -0.00000000 0.00000000 0.00000000 1.00000000 0.00000000
0.99994169 -0.00265214 0.01046783 0.01021393 0.00264550 0.99999629 0.00064796 -0.01154453 -0.01046951 -0.00062023 0.99994500 0.30096424
0.99984059 -0.00514620 0.01709734 0.02228003 0.00513060 0.99998638 0.00095601 -0.01548860 -0.01710203 -0.00086813 0.99985337 0.59648532
0.99979105 -0.00725781 0.01910982 0.03238628 0.00725646 0.99997366 0.00014025 -0.02298140 -0.01911033 -0.00000155 0.99981738 0.90835357
0.99981527 -0.00848250 0.01724744 0.05732714 0.00850347 0.99996319 -0.00114283 -0.02040820 -0.01723711 0.00128928 0.99985060 1.20950174
0.99987737 -0.01140400 0.01073323 0.05913294 0.01143734 0.99992994 -0.00305001 -0.01920865 -0.01069769 0.00317239 0.99993775 1.53400362
0.99991804 -0.01273378 -0.00133098 0.06561241 0.01272829 0.99991077 -0.00405410 -0.03433171 0.00138249 0.00403683 0.99999090 1.83697128
0.99978910 -0.01165565 -0.01690883 0.03456457 0.01157863 0.99992217 -0.00464561 -0.03615301 0.01696166 0.00444885 0.99984624 2.18431973
0.99931412 -0.00825753 -0.03609861 0.02410033 0.00807372 0.99995371 -0.00523471 -0.03985561 0.03614016 0.00493967 0.99933452 2.50504947
0.99846593 -0.00480362 -0.05516075 -0.02600781 0.00445764 0.99996963 -0.00639355 -0.04732030 0.05518979 0.00613785 0.99845702 2.85567904
0.99718861 -0.00482794 -0.07477675 -0.07509853 0.00432930 0.99996731 -0.00682905 -0.05350169 0.07480728 0.00648612 0.99717692 3.22085881
0.99530268 -0.00566935 -0.09664596 -0.10918527 0.00506779 0.99996624 -0.00646865 -0.05686349 0.09667937 0.00594849 0.99529780 3.59314322
0.99326018 -0.00674909 -0.11570941 -0.15366565 0.00610889 0.99996401 -0.00588651 -0.06517571 0.11574497 0.00513998 0.99326567 3.97023559
0.99107671 -0.00603784 -0.13315595 -0.22810622 0.00536458 0.99997095 -0.00541439 -0.06926683 0.13318477 0.00465175 0.99108031 4.36442232
0.98876453 -0.00509867 -0.14939448 -0.29929242 0.00441338 0.99997817 -0.00491825 -0.07888699 0.14941630 0.00420366 0.98876544 4.79356050
0.98667374 -0.00475039 -0.16264181 -0.37566349 0.00394598 0.99997834 -0.00526863 -0.08339994 0.16266332 0.00455664 0.98667111 5.20306969
0.98439732 -0.00598859 -0.17585805 -0.46117607 0.00499552 0.99996898 -0.00608919 -0.08511398 0.17588906 0.00511568 0.98439670 5.63593245
0.98264533 -0.00889115 -0.18528116 -0.55790150 0.00754598 0.99993981 -0.00796404 -0.09924623 0.18534082 0.00642770 0.98265328 6.06919861
0.98113649 -0.00775284 -0.19316076 -0.64353687 0.00596538 0.99993385 -0.00983368 -0.10400931 0.19322422 0.00849590 0.98111784 6.53470087
0.97958782 -0.00785834 -0.20086300 -0.74816662 0.00559866 0.99991452 -0.01181545 -0.10159396 0.20093868 0.01044971 0.97954808 7.00743341
0.97788417 -0.00872555 -0.20896510 -0.85008144 0.00595781 0.99988605 -0.01387078 -0.10485533 0.20906231 0.01231905 0.97782472 7.46121264
0.97608669 -0.01213747 -0.21704251 -0.95814592 0.00894118 0.99983673 -0.01570255 -0.11171967 0.21719766 0.01338644 0.97603585 7.97569370
0.97419260 -0.01784220 -0.22501208 -1.07606792 0.01439368 0.99975261 -0.01695722 -0.12527715 0.22525897 0.01328084 0.97420840 8.51148129
0.97226709 -0.01891689 -0.23310695 -1.19876194 0.01478520 0.99970132 -0.01945919 -0.14652354 0.23340544 0.01547299 0.97225639 9.01282024
0.97019678 -0.01507073 -0.24184930 -1.34613216 0.00971798 0.99968105 -0.02331026 -0.14206117 0.24212347 0.02026525 0.97003379 9.54499435
0.96799679 -0.01232455 -0.25065978 -1.49093127 0.00596736 0.99964137 -0.02610608 -0.15110485 0.25089163 0.02377483 0.96772318 10.06729698
0.96544779 -0.01446103 -0.26019501 -1.65266669 0.00743666 0.99958136 -0.02796081 -0.16198634 0.26049043 0.02505972 0.96515115 10.62736893
0.96326094 -0.01650181 -0.26805980 -1.81289566 0.00882571 0.99951645 -0.02981562 -0.19363055 0.26842219 0.02635440 0.96294079 11.21033001
0.96126858 -0.01659791 -0.27511312 -1.97634137 0.00793663 0.99943807 -0.03256605 -0.21507892 0.27549905 0.02912125 0.96086015 11.77449417
0.95897025 -0.01554713 -0.28308009 -2.14297056 0.00561883 0.99934136 -0.03585061 -0.22227098 0.28345102 0.03278909 0.95842600 12.39196968
0.95666918 -0.01639128 -0.29071535 -2.34975529 0.00473032 0.99915741 -0.04076878 -0.24592654 0.29113865 0.03762706 0.95594063 12.98573112
0.95486631 -0.01794794 -0.29649318 -2.54001546 0.00400062 0.99885938 -0.04758090 -0.27586579 0.29700897 0.04424724 0.95384897 13.58005524
0.95339645 -0.01862523 -0.30114500 -2.73892617 0.00203074 0.99846639 -0.05532408 -0.28909180 0.30171358 0.05213423 0.95197213 14.20001125
0.95220955 -0.01926887 -0.30483713 -2.94552064 -0.00006529 0.99799533 -0.06328759 -0.31817982 0.30544551 0.06028295 0.95029943 14.81518936
0.95081027 -0.01912578 -0.30918284 -3.17429662 -0.00334760 0.99739953 -0.07199291 -0.35935616 0.30975574 0.06948662 0.94827369 15.46949005
0.94954281 -0.01830425 -0.31310286 -3.39689922 -0.00672922 0.99687675 -0.07868583 -0.40183336 0.31356525 0.07682250 0.94645398 16.11931419
0.94759973 -0.01717901 -0.31899787 -3.62728524 -0.01062344 0.99630624 -0.08521161 -0.45787820 0.31928342 0.08413535 0.94391702 16.75254440
0.94591877 -0.01636566 -0.32399051 -3.85906243 -0.01395596 0.99574910 -0.09104371 -0.51801664 0.32410325 0.09064155 0.94166937 17.42798615
0.94435812 -0.01459052 -0.32859529 -4.11577129 -0.01805776 0.99520916 -0.09608664 -0.58647913 0.32842300 0.09667390 0.93957038 18.12907410
0.94264508 -0.01210123 -0.33357730 -4.37159777 -0.02243898 0.99478477 -0.09949753 -0.66241074 0.33304166 0.10127599 0.93745743 18.83504677
0.94090025 -0.01182346 -0.33847736 -4.63992500 -0.02385249 0.99459560 -0.10104775 -0.73228806 0.33784282 0.10314938 0.93553323 19.50178719
0.93863501 -0.01085384 -0.34474123 -4.90594864 -0.02540571 0.99461393 -0.10048717 -0.82377207 0.34397511 0.10307917 0.93330371 20.23006439
0.93633207 -0.01117769 -0.35093776 -5.18921614 -0.02526726 0.99475672 -0.09909912 -0.90522021 0.35020540 0.10165692 0.93114019 20.95030594
0.93383825 -0.00998005 -0.35755632 -5.47146940 -0.02662294 0.99489884 -0.09730121 -0.98903370 0.35670344 0.10038279 0.92880889 21.68119240
0.93093494 -0.00952807 -0.36506074 -5.75315952 -0.02673661 0.99519845 -0.09415521 -1.07048428 0.36420500 0.09741286 0.92621026 22.38582802
0.92744190 -0.00646346 -0.37391141 -6.07583284 -0.02892670 0.99561512 -0.08895946 -1.14442897 0.37284684 0.09332075 0.92318821 23.20280457
0.92402724 -0.00474228 -0.38229722 -6.39578533 -0.02952493 0.99605194 -0.08371862 -1.22992098 0.38118490 0.08864559 0.92023912 23.92344475
0.92022910 -0.00206362 -0.39137468 -6.73439741 -0.03170386 0.99630677 -0.07979773 -1.29638016 0.39009392 0.08584028 0.91676506 24.68150330
0.91634778 -0.00105181 -0.40038187 -7.05662346 -0.03291477 0.99641384 -0.07794914 -1.36453593 0.39902803 0.08460700 0.91302699 25.41440582
0.91252889 -0.00027915 -0.40901216 -7.42448997 -0.03442660 0.99639875 -0.07748770 -1.44703746 0.40756083 0.08479066 0.90923304 26.19998741
0.90884083 -0.00050869 -0.41714277 -7.77561426 -0.03449900 0.99648184 -0.07637913 -1.51017225 0.41571404 0.08380748 0.90562583 26.96494675
0.90471991 -0.00014148 -0.42600689 -8.14390373 -0.03502101 0.99659047 -0.07470583 -1.57191277 0.42456498 0.08250704 0.90163028 27.74477005
0.90105925 -0.00016567 -0.43369599 -8.52922344 -0.03485743 0.99673712 -0.07280155 -1.64786804 0.43229295 0.08071603 0.89811343 28.51972008
0.89736503 0.00036290 -0.44128888 -8.93101406 -0.03417048 0.99705434 -0.06866606 -1.71753418 0.43996408 0.07669757 0.89473409 29.31740189
0.89329530 0.00098090 -0.44946918 -9.33430958 -0.03292530 0.99745378 -0.06326044 -1.76983523 0.44826268 0.07130917 0.89105307 30.13229561
0.88996910 0.00118940 -0.45601928 -9.75145340 -0.03175981 0.99773007 -0.05938026 -1.84288418 0.45491352 0.06732968 0.88798671 30.92587090
0.88596790 0.00072477 -0.46374601 -10.19624138 -0.03084416 0.99787658 -0.05736697 -1.90385330 0.46271970 0.06512915 0.88410897 31.75349617
0.88274662 0.00194490 -0.46984532 -10.62694645 -0.03201508 0.99791627 -0.05601921 -1.96664429 0.46875734 0.06449290 0.88096948 32.56898117
0.87986629 0.00075312 -0.47522072 -11.07832623 -0.03021066 0.99806466 -0.05435300 -2.01365638 0.47426008 0.06218010 0.87818621 33.38131714
0.87669448 -0.00126296 -0.48104594 -11.56500912 -0.02780943 0.99819109 -0.05330271 -2.06872320 0.48024309 0.06010780 0.87507350 34.23977661
0.87443962 -0.00258746 -0.48512747 -12.03865910 -0.02634661 0.99825676 -0.05281389 -2.12416077 0.48441843 0.05896402 0.87284708 35.07142639
0.87231000 -0.00242522 -0.48894722 -12.50433159 -0.02718875 0.99819992 -0.05345746 -2.18327761 0.48819672 0.05992535 0.87067383 35.90594482
0.87066171 -0.00276143 -0.49187455 -13.01460648 -0.02722578 0.99818072 -0.05379593 -2.23050094 0.49112824 0.06022973 0.86900255 36.77998734
0.87027122 -0.00316754 -0.49256266 -13.51969433 -0.02641474 0.99824033 -0.05308960 -2.29457808 0.49186407 0.05921327 0.86865616 37.65476990
0.86983330 -0.00204102 -0.49334153 -14.02427769 -0.02678668 0.99832095 -0.05135902 -2.33995247 0.49261801 0.05788876 0.86831814 38.54185867
0.86990962 -0.00294983 -0.49320234 -14.54626083 -0.02567133 0.99835585 -0.05125021 -2.40411377 0.49254262 0.05724422 0.86840363 39.46327972
0.86910779 -0.00432872 -0.49460379 -15.06634808 -0.02452572 0.99835453 -0.05183360 -2.46086073 0.49401431 0.05717950 0.86757153 40.35942078
0.86783730 -0.00613472 -0.49681061 -15.60442638 -0.02283573 0.99837459 -0.05221797 -2.52402592 0.49632343 0.05666174 0.86628661 41.29273605
0.86614446 -0.00696400 -0.49974521 -16.12764931 -0.02103448 0.99850906 -0.05037069 -2.58288217 0.49935090 0.05414017 0.86470661 42.22242737
0.86433114 -0.00582958 -0.50288934 -16.65384102 -0.02062211 0.99868102 -0.04702072 -2.63080907 0.50250015 0.05101211 0.86307089 43.11982727
0.86161959 -0.00537908 -0.50752611 -17.19878960 -0.01890839 0.99890953 -0.04268757 -2.68699551 0.50720229 0.04637695 0.86057830 44.03157425
0.85818580 -0.00669899 -0.51329549 -17.74445915 -0.01661189 0.99902874 -0.04081191 -2.74424314 0.51307035 0.04355102 0.85724100 44.92419434
0.85302389 -0.00949976 -0.52178539 -18.31866646 -0.01518008 0.99895957 -0.04300398 -2.80511189 0.52165104 0.04460417 0.85199217 45.84420013
0.84717558 -0.01163321 -0.53118565 -18.85983658 -0.01512551 0.99882701 -0.04599809 -2.86747670 0.53109768 0.04700292 0.84600590 46.71762466
0.84084567 -0.01206663 -0.54114042 -19.44391441 -0.01521904 0.99882917 -0.04592036 -2.91843629 0.54106094 0.04684758 0.83967754 47.61746216
0.83469891 -0.00972075 -0.55062077 -20.04074478 -0.01546853 0.99903586 -0.04108625 -2.97317839 0.55048929 0.04281194 0.83374378 48.53692245
0.83044847 -0.00642002 -0.55705846 -20.65314293 -0.01689785 0.99918322 -0.03670633 -3.02979898 0.55683912 0.03989580 0.82966169 49.39081955
0.82576723 -0.00579742 -0.56398127 -21.26584435 -0.01910907 0.99908551 -0.03824907 -3.07780886 0.56368726 0.04236199 0.82490129 50.29410172
0.82216050 -0.00665485 -0.56921685 -21.87677956 -0.02096136 0.99889962 -0.04195437 -3.13080382 0.56886969 0.04642478 0.82111632 51.16383362
0.81926414 -0.00907793 -0.57334445 -22.49290466 -0.02294448 0.99855493 -0.04859627 -3.19322300 0.57295708 0.05296828 0.81787196 52.00363922
0.81622815 -0.01007802 -0.57764180 -23.11636543 -0.02334743 0.99845564 -0.05041062 -3.25061917 0.57725775 0.05463302 0.81473230 52.87424469
0.81297374 -0.00982135 -0.58221751 -23.73543167 -0.02175227 0.99864766 -0.04721963 -3.31274104 0.58189392 0.05105287 0.81166069 53.73248672
0.80959813 -0.00745959 -0.58693715 -24.38897324 -0.02105021 0.99890710 -0.04173130 -3.36565018 0.58660698 0.04614073 0.80855630 54.59587860
0.80664190 -0.00543400 -0.59101550 -25.03875542 -0.02186071 0.99899921 -0.03902152 -3.42524195 0.59063606 0.04439641 0.80571583 55.47427750
0.80372221 -0.00475268 -0.59498574 -25.67465973 -0.02344778 0.99893835 -0.03965328 -3.47504711 0.59454253 0.04582132 0.80275749 56.31739044
0.79981664 -0.00687980 -0.60020497 -26.34603500 -0.02224012 0.99890804 -0.04108647 -3.52851152 0.59983224 0.04621027 0.79879027 57.18634033
0.79608796 -0.00872501 -0.60511804 -26.99912071 -0.02212131 0.99880831 -0.04350412 -3.58789659 0.60477650 0.04801911 0.79494626 58.04948044
0.79220675 -0.01072685 -0.61015851 -27.65588951 -0.02048473 0.99881460 -0.04415620 -3.63887477 0.60990888 0.04747977 0.79104793 58.90416336
0.78705136 -0.01096584 -0.61679000 -28.31005859 -0.01983521 0.99887516 -0.04306950 -3.70516062 0.61656850 0.04613207 0.78594854 59.74882507
0.78244214 -0.01069300 -0.62263148 -28.96558762 -0.02012694 0.99889593 -0.04244783 -3.75362682 0.62239794 0.04574463 0.78136306 60.58780670
0.77712814 -0.01176004 -0.62923251 -29.66527939 -0.02003733 0.99885617 -0.04341505 -3.81206870 0.62902334 0.04634720 0.77600359 61.44457245
0.77130581 -0.01359008 -0.63631962 -30.36752129 -0.01884940 0.99884572 -0.04418070 -3.87632465 0.63618554 0.04607107 0.77015934 62.28369141
0.76573134 -0.01450618 -0.64299695 -31.04771233 -0.01884258 0.99881050 -0.04497265 -3.92526126 0.64288449 0.04655269 0.76454717 63.09547424
0.76034960 -0.01604647 -0.64931579 -31.79292870 -0.01817784 0.99877746 -0.04596895 -3.98267674 0.64925962 0.04675563 0.75912835 63.92810822
0.75439374 -0.01778882 -0.65618111 -32.48320389 -0.01735550 0.99874275 -0.04702869 -4.03915834 0.65619271 0.04686650 0.75313654 64.74351501
0.74826103 -0.01878409 -0.66313844 -33.24251556 -0.01684132 0.99873905 -0.04729346 -4.09590912 0.66319062 0.04655598 0.74700116 65.58392334
0.74194874 -0.01821937 -0.67020901 -33.99092102 -0.01715288 0.99878768 -0.04614060 -4.15866184 0.67023715 0.04572998 0.74073675 66.41450500
0.73563577 -0.01923347 -0.67710419 -34.71916199 -0.01547219 0.99885891 -0.04518274 -4.22258329 0.67720058 0.04371433 0.73449876 67.20452118
0.72895036 -0.02068740 -0.68425390 -35.51630783 -0.01474615 0.99883684 -0.04590774 -4.28135443 0.68440772 0.04355458 0.72779742 68.04953003
0.72275824 -0.02196026 -0.69075196 -36.28184509 -0.01504280 0.99875833 -0.04749216 -4.34819937 0.69093722 0.04471620 0.72153047 68.83765411
0.71687129 -0.02152344 -0.69687322 -37.08338165 -0.01637506 0.99872788 -0.04769141 -4.40205956 0.69701320 0.04559995 0.71560690 69.62615967
0.71099535 -0.02101860 -0.70288252 -37.86466217 -0.01653166 0.99877732 -0.04658935 -4.46238041 0.70300236 0.04474463 0.70977856 70.41558075
0.70613907 -0.02115197 -0.70775717 -38.65422821 -0.01675354 0.99877478 -0.04656453 -4.52040100 0.70787495 0.04473847 0.70491952 71.20642853
0.70129195 -0.02116289 -0.71255999 -39.49547577 -0.01841054 0.99868819 -0.04778024 -4.58990192 0.71263641 0.04662651 0.69998236 72.05039978
0.69579262 -0.02315371 -0.71786944 -40.34368134 -0.01803767 0.99860173 -0.04969123 -4.65686512 0.71801620 0.04752349 0.69440208 72.83981323
0.69122717 -0.02530231 -0.72219443 -41.16768646 -0.01818253 0.99846146 -0.05238428 -4.71937323 0.72240874 0.04934076 0.68970363 73.59803009
0.68595694 -0.02604185 -0.72717598 -42.03800964 -0.01869068 0.99839901 -0.05338619 -4.78350973 0.72740205 0.05021204 0.68437198 74.41486359
0.68141361 -0.02596580 -0.73143781 -42.88286972 -0.01824577 0.99845723 -0.05244282 -4.85255146 0.73167109 0.04908090 0.67988858 75.20661163
0.67650786 -0.02550300 -0.73599369 -43.73233414 -0.01847258 0.99849808 -0.05157862 -4.91490602 0.73620370 0.04848905 0.67502069 75.96818542
0.67162915 -0.02584030 -0.74043674 -44.59190750 -0.01842647 0.99849986 -0.05156051 -4.98825169 0.74065832 0.04827318 0.67014547 76.73905945
0.66662437 -0.02683644 -0.74491056 -45.46445084 -0.01769740 0.99850015 -0.05180985 -5.05483389 0.74518370 0.04772069 0.66514960 77.50283813
0.66219179 -0.02745883 -0.74883112 -46.34119415 -0.01732120 0.99850044 -0.05193109 -5.12560225 0.74913417 0.04735899 0.66072318 78.28172302
0.65844142 -0.02845055 -0.75209406 -47.25664139 -0.01633013 0.99850998 -0.05206874 -5.19133186 0.75245480 0.04656601 0.65699572 79.06986237
0.65439855 -0.03078314 -0.75552295 -48.14815140 -0.01440048 0.99848242 -0.05315534 -5.26839924 0.75601267 0.04566467 0.65296216 79.85307312
0.65051092 -0.03503543 -0.75868838 -49.05205536 -0.01112715 0.99838860 -0.05564513 -5.34462214 0.75941539 0.04463980 0.64907285 80.63304138
0.64540145 -0.04014935 -0.76278765 -49.97367096 -0.00607677 0.99831617 -0.05768800 -5.40910959 0.76381937 0.04186720 0.64407073 81.40322876
0.63905541 -0.04245815 -0.76798795 -50.87833405 -0.00334327 0.99831252 -0.05797361 -5.49372435 0.76915343 0.03961594 0.63783507 82.19917297
0.63108383 -0.04504611 -0.77440561 -51.81470490 -0.00034294 0.99829619 -0.05834899 -5.57859421 0.77571456 0.03708868 0.62999314 82.96826172
0.62236644 -0.04562720 -0.78139502 -52.76090240 0.00139631 0.99836267 -0.05718423 -5.66192627 0.78272477 0.03449847 0.62141113 83.71916962
0.61315268 -0.04545135 -0.78865580 -53.72016907 0.00337930 0.99848521 -0.05491683 -5.73186541 0.78995719 0.03100730 0.61237748 84.45313263
0.60409240 -0.04486681 -0.79565027 -54.67055130 0.00214142 0.99850165 -0.05467976 -5.81468916 0.79691141 0.03132781 0.60328333 85.18257141
0.59498475 -0.04581025 -0.80243041 -55.63297653 0.00033734 0.99838852 -0.05674725 -5.87990141 0.80373692 0.03349306 0.59404140 85.93158722
0.58477981 -0.04809068 -0.80976531 -56.60985565 0.00112429 0.99828825 -0.05847485 -5.97089672 0.81119129 0.03328450 0.58383288 86.64138031
0.57550526 -0.04886455 -0.81633691 -57.61674500 -0.00011264 0.99820855 -0.05983049 -6.03918839 0.81779807 0.03452471 0.57446876 87.34906006
0.56517236 -0.04976282 -0.82347062 -58.63798523 0.00245019 0.99827591 -0.05864477 -6.12921000 0.82496921 0.03112675 0.56431988 88.06187439
0.55495721 -0.05029631 -0.83035701 -59.68244171 0.00429936 0.99833064 -0.05759738 -6.20716238 0.83186778 0.02839408 0.55424703 88.74888611
0.54435877 -0.05121482 -0.83728763 -60.72122192 0.00480036 0.99830834 -0.05794313 -6.29510975 0.83883877 0.02752257 0.54368375 89.43804169
0.53430967 -0.05232946 -0.84366747 -61.79486847 0.00408468 0.99823010 -0.05932949 -6.37334061 0.84527894 0.02825420 0.53357774 90.10164642
0.52427184 -0.05268382 -0.84991968 -62.86088181 0.00239529 0.99817162 -0.06039595 -6.45814610 0.85154759 0.02962809 0.52343946 90.75801849
0.51483401 -0.05371344 -0.85560552 -63.92451859 0.00160388 0.99809385 -0.06169352 -6.54274750 0.85728838 0.03038963 0.51393881 91.39422607
0.50545055 -0.05333295 -0.86120575 -65.02042389 -0.00018094 0.99808137 -0.06191561 -6.63453627 0.86285555 0.03145111 0.50447113 92.03427124
0.49643542 -0.05207608 -0.86651022 -66.10393524 -0.00061655 0.99817755 -0.06034233 -6.71107721 0.86807344 0.03049032 0.49549858 92.64516449
0.48792735 -0.05102910 -0.87139138 -67.21294403 0.00097228 0.99832089 -0.05791773 -6.80540133 0.87288370 0.02741241 0.48715768 93.27175140
0.48026103 -0.05107263 -0.87563744 -68.35144043 0.00014922 0.99830810 -0.05814571 -6.88551521 0.87712560 0.02779446 0.47945610 93.87974548
0.47339802 -0.05372980 -0.87920840 -69.46739960 0.00139786 0.99818247 -0.06024784 -6.97061491 0.88084752 0.02729220 0.47261272 94.49944305
0.46637649 -0.05688387 -0.88275546 -70.59418488 0.00351751 0.99804162 -0.06245442 -7.05902672 0.88457933 0.02602217 0.46566324 95.08996582
0.46047193 -0.05986371 -0.88565339 -71.74285889 0.00521605 0.99788866 -0.06473805 -7.15136576 0.88765894 0.02519044 0.45981197 95.68423462
0.45527119 -0.06289138 -0.88812883 -72.86361694 0.00663936 0.99771420 -0.06724802 -7.24108410 0.89032807 0.02471948 0.45464809 96.26203156
0.45060142 -0.06379925 -0.89044260 -74.00374603 0.00804642 0.99769279 -0.06741178 -7.34452534 0.89268898 0.02321097 0.45007514 96.83107758
0.44639228 -0.06209777 -0.89268012 -75.11830139 0.01045537 0.99788307 -0.06418774 -7.43659353 0.89477629 0.01931961 0.44609656 97.38922882
0.44318603 -0.05999958 -0.89441947 -76.26808167 0.01323900 0.99808682 -0.06039387 -7.53605175 0.89633190 0.01492450 0.44313247 97.98374939
0.44000497 -0.05938947 -0.89602931 -77.37256622 0.01420344 0.99814609 -0.05918308 -7.61913300 0.89788300 0.01331415 0.44003278 98.51521301
0.43653759 -0.05970063 -0.89770305 -78.51523590 0.01615720 0.99815523 -0.05852411 -7.71007252 0.89954093 0.01104361 0.43669688 99.03820801
0.43440834 -0.05841623 -0.89881975 -79.62900543 0.01696816 0.99824834 -0.05667743 -7.79890013 0.90055620 0.00936984 0.43463862 99.60650635
0.43213393 -0.05815265 -0.89993251 -80.76016235 0.01908782 0.99828497 -0.05534239 -7.87810993 0.90160741 0.00673757 0.43250282 100.11887360
0.43011247 -0.05857755 -0.90087287 -81.86476135 0.02113132 0.99827252 -0.05482185 -7.96481085 0.90252796 0.00454293 0.43060729 100.64015198
0.42796128 -0.05888788 -0.90187658 -82.97081757 0.02234107 0.99825944 -0.05457983 -8.04807377 0.90352090 0.00320916 0.42853200 101.15309906
0.42547059 -0.05866653 -0.90306866 -84.08563232 0.02592633 0.99827712 -0.05263671 -8.13233376 0.90460080 -0.00101788 0.42625857 101.67234802
0.42417111 -0.05841492 -0.90369606 -85.16680908 0.02876151 0.99828293 -0.05102913 -8.21484661 0.90512521 -0.00434658 0.42512288 102.20449829
0.42219161 -0.05899324 -0.90458501 -86.25386810 0.03025952 0.99824124 -0.05097826 -8.29559612 0.90600144 -0.00584971 0.42323419 102.70426178
0.42123965 -0.05966773 -0.90498448 -87.32507324 0.03058203 0.99820057 -0.05157879 -8.37106037 0.90643361 -0.00594923 0.42230642 103.18802643
0.42064146 -0.06005647 -0.90523698 -88.35372162 0.02978605 0.99818281 -0.05238196 -8.45435715 0.90673787 -0.00492941 0.42166591 103.67723083
0.42154266 -0.06109090 -0.90474841 -89.40309143 0.02923108 0.99812506 -0.05377650 -8.53167248 0.90633731 -0.00377769 0.42253805 104.14108276
0.42322231 -0.06176795 -0.90391791 -90.45431519 0.02918118 0.99808510 -0.05453985 -8.61535645 0.90555582 -0.00329491 0.42421434 104.60597229
0.42742569 -0.06085949 -0.90199967 -91.48550415 0.02608486 0.99814634 -0.05498598 -8.70184135 0.90367409 -0.00002611 0.42822090 105.09583282
0.43113153 -0.06230501 -0.90013537 -92.51877594 0.02692150 0.99805716 -0.05618850 -8.77684402 0.90188738 -0.00000836 0.43197125 105.53729248
0.43712169 -0.06094581 -0.89733508 -93.54904938 0.02321361 0.99813361 -0.05648379 -8.85458088 0.89910275 0.00385990 0.43772062 106.04438019
0.44458986 -0.06027598 -0.89370390 -94.53704071 0.02324283 0.99817366 -0.05575938 -8.92712307 0.89543265 0.00401784 0.44517887 106.51685333
0.45210744 -0.05981406 -0.88995570 -95.53530884 0.02360997 0.99820193 -0.05509517 -8.99897575 0.89165096 0.00389711 0.45270672 107.01889038
0.46169706 -0.05908576 -0.88506762 -96.51819611 0.02257696 0.99823858 -0.05486356 -9.06353283 0.88675030 0.00534821 0.46221780 107.52237701
0.47106731 -0.05897749 -0.88012343 -97.50479889 0.02228318 0.99823955 -0.05496592 -9.14223480 0.88181577 0.00628070 0.47155223 108.05556488
0.48091722 -0.06008060 -0.87470506 -98.47505188 0.02234615 0.99816522 -0.05627465 -9.21526623 0.87648119 0.00751716 0.48137742 108.57965851
0.49073139 -0.06160864 -0.86913007 -99.46284485 0.02187748 0.99805381 -0.05839491 -9.29641438 0.87103621 0.00964184 0.49112417 109.08183289
0.50217030 -0.06171846 -0.86256352 -100.42454529 0.01968944 0.99800736 -0.05994692 -9.38051510 0.86454457 0.01312017 0.50238485 109.62741852
0.51493213 -0.06039970 -0.85510045 -101.31811523 0.01802113 0.99805695 -0.05964526 -9.44744778 0.85704150 0.01530339 0.51502007 110.17590332
0.52767032 -0.05846110 -0.84743515 -102.24962616 0.01758875 0.99816700 -0.05790753 -9.52369404 0.84926714 0.01565076 0.52773135 110.73410797
0.53982939 -0.05622324 -0.83989474 -103.16476440 0.01629723 0.99827801 -0.05635075 -9.59451962 0.84161667 0.01673183 0.53981610 111.29865265
0.55117914 -0.05529157 -0.83255294 -104.07484436 0.01638261 0.99832677 -0.05545509 -9.66734791 0.83422609 0.01692630 0.55116271 111.87934875
0.56250402 -0.05633350 -0.82487318 -104.94495392 0.01742313 0.99826223 -0.05629353 -9.74660301 0.82661095 0.01729346 0.56250802 112.45692444
0.57415225 -0.05660876 -0.81678922 -105.79853058 0.01723215 0.99822145 -0.05707005 -9.82220936 0.81856719 0.01869186 0.57410659 113.06671143
0.58486152 -0.05961959 -0.80893912 -106.64057159 0.02184106 0.99809102 -0.05776922 -9.89934921 0.81083905 0.01611890 0.58504719 113.66265106
0.59590703 -0.05772310 -0.80097619 -107.50015259 0.01946048 0.99815841 -0.05745509 -9.97486019 0.80281760 0.01865051 0.59593293 114.29015350
0.60664392 -0.05610354 -0.79299152 -108.35079956 0.01932326 0.99825255 -0.05584318 -10.04073429 0.79473881 0.01855374 0.60666794 114.93279266
0.61645627 -0.05375181 -0.78555230 -109.14313507 0.01907730 0.99839390 -0.05334484 -10.10833073 0.78715801 0.01789854 0.61649162 115.56646729
0.62583992 -0.05323816 -0.77813244 -109.96562195 0.01973169 0.99842909 -0.05244049 -10.17900085 0.77970190 0.01746548 0.62590726 116.19438934
0.63649386 -0.05172990 -0.76954505 -110.67797852 0.01760528 0.99846274 -0.05255667 -10.24240875 0.77108081 0.01990395 0.63642613 116.83409119
0.64602020 -0.05094233 -0.76161853 -111.45378876 0.01602522 0.99845578 -0.05319073 -10.31336117 0.76315208 0.02215718 0.64583896 117.48696136
0.65512738 -0.05073492 -0.75381303 -112.19550323 0.01633446 0.99846066 -0.05300475 -10.37710953 0.75534184 0.02241173 0.65494764 118.12226105
0.66430907 -0.04903497 -0.74584786 -112.95349884 0.01606906 0.99855213 -0.05133642 -10.44361019 0.74728525 0.02211817 0.66413519 118.78179932
0.67289666 -0.04770435 -0.73819671 -113.66028595 0.01664686 0.99864228 -0.04936077 -10.50079346 0.73954916 0.02092604 0.67277718 119.43500519
0.68072296 -0.04759063 -0.73099342 -114.36430359 0.01760583 0.99866208 -0.04862186 -10.57263088 0.73232936 0.02022827 0.68065008 120.06335449
0.68851557 -0.04655445 -0.72372577 -115.08855438 0.01652198 0.99868539 -0.04852336 -10.62618732 0.72503334 0.02145170 0.68837961 120.73321533
0.69532307 -0.04467451 -0.71730747 -115.75815582 0.01527152 0.99875924 -0.04740009 -10.69109917 0.71853504 0.02200400 0.69514259 121.36412811
0.70265239 -0.04206494 -0.71028878 -116.44476318 0.01428686 0.99888379 -0.04502294 -10.74238205 0.71138984 0.02148768 0.70246906 122.03614807
0.70974682 -0.03960698 -0.70334255 -117.10425568 0.01368332 0.99900495 -0.04244856 -10.79628181 0.70432394 0.02050367 0.70958254 122.72056580
0.71685455 -0.03819582 -0.69617572 -117.75587463 0.01266208 0.99904682 -0.04177471 -10.84765816 0.69710776 0.02113136 0.71665489 123.38266754
0.72417414 -0.03683765 -0.68863256 -118.38727570 0.01183302 0.99908902 -0.04100144 -10.90930176 0.68951563 0.02154358 0.72395033 124.02054596
0.73264341 -0.03444372 -0.67974058 -118.99691772 0.00990561 0.99915248 -0.03995237 -10.95277882 0.68054060 0.02253759 0.73236367 124.67976379
0.74133139 -0.03135842 -0.67040616 -119.59114075 0.00894788 0.99928085 -0.03684709 -10.99736309 0.67107951 0.02131719 0.74107885 125.34791565
0.75075916 -0.02779034 -0.65999120 -120.18955994 0.00698420 0.99939276 -0.03413683 -11.02877808 0.66053910 0.02101902 0.75049737 125.98617554
0.76045689 -0.02587102 -0.64887288 -120.76990509 0.00572409 0.99943434 -0.03313972 -11.07211494 0.64936320 0.02148712 0.76017481 126.63658905
0.76998205 -0.02486198 -0.63758100 -121.29913330 0.00431565 0.99942066 -0.03375981 -11.11217213 0.63805095 0.02324287 0.76964326 127.29503632
0.78006519 -0.02536928 -0.62518374 -121.87703705 0.00455325 0.99938140 -0.03487256 -11.16232300 0.62568169 0.02435625 0.77969815 127.96264648
0.78976257 -0.02449654 -0.61292333 -122.39385223 0.00427002 0.99939762 -0.03444067 -11.20750809 0.61339780 0.02458275 0.78939143 128.64454651
0.79974705 -0.02323378 -0.59988737 -122.90806580 0.00406693 0.99943757 -0.03328657 -11.22846508 0.60032335 0.02418113 0.79939174 129.30502319
0.80947738 -0.02096889 -0.58677651 -123.38911438 0.00374822 0.99952627 -0.03054802 -11.26236343 0.58713910 0.02252856 0.80917250 129.97357178
0.81862206 -0.01971554 -0.57399409 -123.88859558 0.00427250 0.99959202 -0.02824059 -11.29758453 0.57431669 0.02066598 0.81837232 130.68627930
0.82787363 -0.01790996 -0.56062866 -124.34902191 0.00458401 0.99967276 -0.02516661 -11.33359051 0.56089593 0.01826485 0.82768481 131.37855530
0.83580509 -0.01725194 -0.54875515 -124.80043030 0.00539393 0.99971597 -0.02321393 -11.35828590 0.54899977 0.01644237 0.83566076 132.09307861
0.84290052 -0.01716220 -0.53779566 -125.24685669 0.00651865 0.99974356 -0.02168711 -11.38875580 0.53802994 0.01477438 0.84279624 132.81494141
0.84967117 -0.01709983 -0.52703557 -125.69596100 0.00703173 0.99975262 -0.02110093 -11.42363644 0.52726602 0.01422288 0.84958122 133.51306152
0.85573884 -0.01617713 -0.51715504 -126.12634277 0.00618407 0.99975949 -0.02104067 -11.44409275 0.51737104 0.01480719 0.85563307 134.22686768
0.86228601 -0.01451394 -0.50621357 -126.56857300 0.00486300 0.99978045 -0.02038162 -11.46846104 0.50639825 0.01511306 0.86216727 134.96658325
0.86840587 -0.01323552 -0.49567739 -126.98000336 0.00404083 0.99979940 -0.01961716 -11.48544407 0.49583760 0.01503271 0.86828515 135.66827393
0.87427837 -0.01358213 -0.48523485 -127.41343689 0.00467400 0.99979769 -0.01956373 -11.51846886 0.48540240 0.01483616 0.87416497 136.43414307
0.87962075 -0.01448107 -0.47545520 -127.81842804 0.00557293 0.99978163 -0.02014037 -11.54676151 0.47564302 0.01506621 0.87950936 137.19679260
0.88368432 -0.01516716 -0.46783756 -128.20503235 0.00621268 0.99976690 -0.02067722 -11.57655621 0.46804212 0.01536561 0.88357256 137.94369507
0.88711332 -0.01445580 -0.46132524 -128.62403870 0.00592598 0.99978375 -0.01993315 -11.59676838 0.46151363 0.01494916 0.88700715 138.70541382
0.89058597 -0.01248281 -0.45464360 -129.03221130 0.00552414 0.99984644 -0.01663098 -11.62268448 0.45478139 0.01229981 0.89051817 139.53129578
0.89349177 -0.00874417 -0.44899443 -129.42581177 0.00341569 0.99991382 -0.01267618 -11.63670921 0.44906657 0.00979244 0.89344464 140.31268311
0.89667885 -0.00583553 -0.44264318 -129.84721375 0.00159209 0.99994915 -0.00995756 -11.64797401 0.44267879 0.00822400 0.89664255 141.14601135
0.90013036 -0.00321456 -0.43560877 -130.24301147 -0.00008851 0.99997140 -0.00756214 -11.66730785 0.43562062 0.00684547 0.90010434 141.96559143
0.90329584 -0.00123479 -0.42901643 -130.64137268 -0.00124220 0.99998414 -0.00549360 -11.66775703 0.42901641 0.00549527 0.90327998 142.79028320
0.90669156 0.00016160 -0.42179425 -131.06939697 -0.00134345 0.99999596 -0.00250476 -11.68587208 0.42179214 0.00283771 0.90668811 143.64360046
0.91009548 0.00030291 -0.41439852 -131.45864868 -0.00055109 0.99999973 -0.00047935 -11.69638157 0.41439826 0.00066462 0.91009540 144.49952698
0.91366763 0.00014544 -0.40646211 -131.86369324 0.00007453 0.99999986 0.00052535 -11.70762539 0.40646213 -0.00051029 0.91366749 145.40411377
0.91718766 -0.00052773 -0.39845516 -132.23638916 0.00080803 0.99999953 0.00053553 -11.69535923 0.39845469 -0.00081315 0.91718766 146.27583313
0.92127376 -0.00274557 -0.38890502 -132.62329102 0.00315527 0.99999494 0.00041477 -11.72689247 0.38890191 -0.00160922 0.92127776 147.19787598
0.92522876 -0.00433076 -0.37938500 -133.01161194 0.00435648 0.99999020 -0.00079068 -11.72122383 0.37938471 -0.00092122 0.92523856 148.11604309
0.92981610 -0.00516633 -0.36798822 -133.37644958 0.00460928 0.99998651 -0.00239268 -11.74372578 0.36799561 0.00052859 0.92982738 149.02674866
0.93494207 -0.00339003 -0.35478422 -133.77410889 0.00240359 0.99999192 -0.00322109 -11.74893284 0.35479227 0.00215878 0.93494266 149.98268127
0.94087622 0.00014172 -0.33875053 -134.13059998 -0.00082449 0.99999791 -0.00187167 -11.75754166 0.33874955 0.00204030 0.94087437 150.96067810
0.94710821 0.00403019 -0.32088906 -134.47929382 -0.00392862 0.99999182 0.00096398 -11.74867630 0.32089032 0.00034766 0.94711630 151.96932983
0.95364818 0.00722624 -0.30083704 -134.82522583 -0.00672045 0.99997373 0.00271611 -11.75709724 0.30084877 -0.00056846 0.95367169 152.99177551
0.95996970 0.00911541 -0.27995552 -135.12930298 -0.00837622 0.99995756 0.00383667 -11.77093506 0.27997861 -0.00133812 0.96000531 154.02293396
0.96596088 0.01075165 -0.25846467 -135.43530273 -0.00971251 0.99993880 0.00529700 -11.75953770 0.25850580 -0.00260635 0.96600619 155.06358337
0.97145289 0.01153529 -0.23695192 -135.71371460 -0.00988348 0.99991788 0.00815782 -11.77415562 0.23702657 -0.00558302 0.97148713 156.15097046
0.97660550 0.01377480 -0.21459718 -135.93713379 -0.01152599 0.99986480 0.01172707 -11.75734329 0.21472971 -0.00897928 0.97663224 157.21504211
0.98115285 0.01582430 -0.19258422 -136.16152954 -0.01299782 0.99978860 0.01593124 -11.76435661 0.19279561 -0.01312780 0.98115112 158.32896423
0.98527024 0.01787138 -0.17006811 -136.38180542 -0.01477840 0.99970189 0.01943535 -11.74665165 0.17036474 -0.01663574 0.98524063 159.43692017
0.98880342 0.01956619 -0.14793569 -136.57406616 -0.01683550 0.99966441 0.01968846 -11.73654747 0.14827127 -0.01697745 0.98880099 160.55050659
0.99188209 0.01946219 -0.12566279 -136.72775269 -0.01736705 0.99969167 0.01774689 -11.72107029 0.12596943 -0.01542043 0.99191427 161.73735046
0.99430726 0.01960937 -0.10473086 -136.84596252 -0.01794122 0.99969711 0.01684646 -11.70458508 0.10502949 -0.01487156 0.99435791 162.87528992
0.99621978 0.01832940 -0.08491285 -136.96507263 -0.01678759 0.99968164 0.01883626 -11.70035934 0.08523108 -0.01733957 0.99621032 164.06672668
0.99768882 0.01886008 -0.06527873 -137.06196594 -0.01753746 0.99963034 0.02077536 -11.68346119 0.06564642 -0.01958252 0.99765078 165.25793457
0.99880865 0.01932258 -0.04480991 -137.11184692 -0.01835926 0.99959353 0.02181080 -11.67271137 0.04521314 -0.02096214 0.99875741 166.44824219
0.99948771 0.02090879 -0.02423089 -137.17411804 -0.02036169 0.99953700 0.02260937 -11.65335941 0.02469241 -0.02210440 0.99945069 167.66148376
0.99976417 0.02140071 -0.00369077 -137.17105103 -0.02130903 0.99950117 0.02330966 -11.63382053 0.00418777 -0.02322551 0.99972148 168.88766479
0.99957022 0.02367222 0.01729144 -137.19000244 -0.02406676 0.99944628 0.02297663 -11.60877609 -0.01673796 -0.02338291 0.99958645 170.16375732
0.99899939 0.02487777 0.03716592 -137.15385437 -0.02570372 0.99942940 0.02191320 -11.58226109 -0.03659956 -0.02284658 0.99906882 171.42613220
0.99808181 0.02502644 0.05662484 -137.09381104 -0.02619750 0.99945602 0.02003394 -11.57239628 -0.05609266 -0.02147894 0.99819450 172.67221069
0.99676237 0.02703258 0.07572327 -137.03256226 -0.02844266 0.99944038 0.01760513 -11.55462074 -0.07520499 -0.01970190 0.99697344 173.93905640
0.99509516 0.02764851 0.09497988 -136.92057800 -0.02928743 0.99944449 0.01590476 -11.53797150 -0.09448738 -0.01860846 0.99535213 175.23789978
0.99310220 0.02757011 0.11396452 -136.76637268 -0.02927236 0.99948312 0.01329000 -11.53728962 -0.11353920 -0.01653433 0.99339593 176.52682495
0.99079562 0.02897112 0.13222980 -136.62008667 -0.03031072 0.99950747 0.00812883 -11.52019310 -0.13192917 -0.01206199 0.99118576 177.84608459
0.98822254 0.03052923 0.14994723 -136.42427063 -0.03117606 0.99951198 0.00196437 -11.54012108 -0.14981408 -0.00661600 0.98869205 179.13037109
0.98527482 0.03324536 0.16771486 -136.21862793 -0.03317115 0.99944442 -0.00324474 -11.53513718 -0.16772955 -0.00236634 0.98583021 180.46469116
0.98201025 0.03509457 0.18553770 -135.99276733 -0.03440140 0.99938390 -0.00695506 -11.55492496 -0.18566748 0.00044718 0.98261253 181.78923035
0.97853207 0.03733711 0.20268428 -135.73558044 -0.03613250 0.99930050 -0.00964150 -11.56802845 -0.20290249 0.00211103 0.97919667 183.08865356
0.97471977 0.03684611 0.22037181 -135.44889832 -0.03559381 0.99931973 -0.00965210 -11.58908176 -0.22057753 0.00156422 0.97536819 184.45658875
0.97062297 0.03580658 0.23792634 -135.13441467 -0.03443230 0.99935769 -0.00993081 -11.60732841 -0.23812911 0.00144672 0.97123243 185.79974365
0.96644367 0.03560525 0.25439910 -134.78805542 -0.03303861 0.99935097 -0.01435612 -11.65635490 -0.25474514 0.00546938 0.96699276 187.15129089
0.96193164 0.03700284 0.27077354 -134.44483948 -0.03322733 0.99927629 -0.01851597 -11.69003391 -0.27126272 0.00881401 0.96246499 188.48797607
0.95700110 0.03905263 0.28744354 -134.08206177 -0.03510836 0.99920543 -0.01886583 -11.70560741 -0.28795190 0.00796295 0.95761177 189.82974243
0.95156782 0.04102478 0.30468943 -133.65783691 -0.03698486 0.99913477 -0.01902162 -11.74936581 -0.30520617 0.00683147 0.95226180 191.20236206
0.94576955 0.04476580 0.32173899 -133.23452759 -0.03974254 0.99896403 -0.02216749 -11.76835632 -0.32239802 0.00817862 0.94656887 192.54101563
0.93955475 0.04593522 0.33930345 -132.76869202 -0.03967851 0.99889067 -0.02535822 -11.82295036 -0.34009189 0.01036238 0.94033512 193.88125610
0.93313299 0.04668768 0.35648715 -132.26806641 -0.03916224 0.99883195 -0.02830274 -11.86015034 -0.35739214 0.01244939 0.93387144 195.26315308
0.92637544 0.04686956 0.37367337 -131.76043701 -0.03729259 0.99876522 -0.03282212 -11.92043018 -0.37475032 0.01647036 0.92697946 196.64422607
0.91834047 0.05007757 0.39261051 -131.19683838 -0.03798816 0.99853599 -0.03850686 -11.99264908 -0.39396405 0.02044786 0.91889837 197.97518921
0.90907618 0.05361306 0.41316600 -130.64025879 -0.03967388 0.99831904 -0.04225024 -12.05555248 -0.41473665 0.02201679 0.90967509 199.32284546
0.89771497 0.05646868 0.43694292 -130.02253723 -0.04157041 0.99818412 -0.04359325 -12.11648655 -0.43861114 0.02097042 0.89843225 200.65345764
0.88519772 0.06074997 0.46123144 -129.37954712 -0.04458366 0.99795168 -0.04587757 -12.19139862 -0.46307375 0.02004733 0.88609300 201.97358704
0.87169873 0.06510260 0.48569843 -128.67338562 -0.04716638 0.99768069 -0.04907722 -12.27103043 -0.48776700 0.01987191 0.87274765 203.30715942
0.85736697 0.06858396 0.51011579 -127.95879364 -0.04885940 0.99745187 -0.05198578 -12.35627079 -0.51238134 0.01964694 0.85853326 204.58547974
0.84275442 0.07021737 0.53369889 -127.19617462 -0.04878610 0.99733868 -0.05417997 -12.44293785 -0.53608292 0.01962333 0.84393722 205.88417053
0.82730981 0.07124517 0.55720966 -126.39351654 -0.04801639 0.99726318 -0.05621897 -12.53458118 -0.55969001 0.01975531 0.82846655 207.14468384
0.81192842 0.07315508 0.57915505 -125.56607056 -0.04647023 0.99706791 -0.06079559 -12.63427162 -0.58190442 0.02244820 0.81294731 208.36430359
0.79625053 0.07581467 0.60019766 -124.68426514 -0.04525903 0.99680131 -0.06586936 -12.74922562 -0.60327167 0.02528415 0.79713487 209.61416626
0.78005335 0.07736177 0.62091217 -123.75621796 -0.04366263 0.99663841 -0.06932145 -12.85779476 -0.62418775 0.02696378 0.78080895 210.81341553
0.76453927 0.07876663 0.63974646 -122.81999969 -0.04224086 0.99649461 -0.07220943 -12.97439480 -0.64319159 0.02818351 0.76518643 211.98719788
0.74929705 0.07931979 0.65746658 -121.83470917 -0.04070255 0.99644006 -0.07382750 -13.09563160 -0.66098202 0.02855817 0.74985812 213.13125610
0.73365700 0.07969040 0.67483098 -120.83249664 -0.03903249 0.99640202 -0.07522953 -13.22008419 -0.67839802 0.02885233 0.73412783 214.27177429
0.71925769 0.08025364 0.69009255 -119.78630829 -0.03653350 0.99630045 -0.07778630 -13.35195541 -0.69378216 0.03073690 0.71952871 215.40164185
0.70462636 0.08139187 0.70489507 -118.74398804 -0.03399158 0.99613096 -0.08104127 -13.48325348 -0.70876390 0.03314331 0.70466677 216.50492859
0.69024281 0.08363183 0.71872845 -117.65007782 -0.03213802 0.99586124 -0.08501494 -13.63533020 -0.72286376 0.03558244 0.69007382 217.58233643
0.67541068 0.08586901 0.73242537 -116.53958893 -0.03125687 0.99563842 -0.08790419 -13.76307583 -0.73677909 0.03647811 0.67514882 218.63046265
0.65970180 0.08618205 0.74656961 -115.40552521 -0.02995523 0.99562893 -0.08846305 -13.92076111 -0.75093023 0.03599557 0.65939981 219.68048096
0.64380451 0.08748539 0.76017239 -114.25723267 -0.03072077 0.99559685 -0.08856150 -14.06947899 -0.76457308 0.03366321 0.64365736 220.69172668
0.62686322 0.08825684 0.77411448 -113.09632111 -0.03266455 0.99566698 -0.08706492 -14.21920490 -0.77844430 0.02929170 0.62702988 221.68470764
0.60879261 0.08920125 0.78829861 -111.89621735 -0.03527943 0.99571968 -0.08542648 -14.36032104 -0.79254458 0.02419628 0.60933375 222.62588501
0.59122256 0.09054521 0.80140967 -110.71492767 -0.03739597 0.99568687 -0.08490705 -14.51384735 -0.80564101 0.02022947 0.59205856 223.56956482
0.57337501 0.09341779 0.81394976 -109.51954651 -0.03917190 0.99546782 -0.08665672 -14.66289806 -0.81835607 0.01780284 0.57443572 224.43582153
