1.00000000 0.00000000 0.00000000 -0.00000000 0.00000000 1.00000000 0.00000000 -0.00000000 0.00000000 0.00000000 1.00000000 0.00000000
0.99985911 0.00169472 0.01669976 -0.06318367 -0.00168426 0.99999838 -0.00064050 -0.02333220 -0.01670082 0.00061228 0.99986034 0.11196023
0.99930425 0.00466628 0.03700330 0.00987308 -0.00465874 0.99998911 -0.00028984 -0.01887510 -0.03700425 0.00011725 0.99931510 0.26520169
0.99793941 0.00606645 0.06387599 -0.00642422 -0.00614717 0.99998054 0.00106712 -0.01148443 -0.06386827 -0.00145757 0.99795727 0.40081182
0.99523553 0.00593301 0.09731929 0.09252451 -0.00627389 0.99997521 0.00319711 0.01000710 -0.09729791 -0.00379245 0.99524808 0.53425282
0.99107493 0.00281732 0.13327623 0.19555944 -0.00364058 0.99997577 0.00593382 -0.00464706 -0.13325628 -0.00636606 0.99106117 0.76639891
0.98479274 -0.00011553 0.17373328 0.22205499 -0.00107159 0.99997672 0.00673919 -0.02067280 -0.17373002 -0.00682287 0.98476968 0.92632490
0.97634595 -0.00048886 0.21621364 0.28675964 -0.00130818 0.99996578 0.00816819 -0.01560047 -0.21621023 -0.00825782 0.97631191 1.11438441
0.96446183 0.00002757 0.26422223 0.40056330 -0.00314594 0.99993031 0.01137895 -0.00441054 -0.26420350 -0.01180580 0.96439470 1.36689281
0.95036894 -0.00353938 0.31110505 0.55070746 -0.00227725 0.99982937 0.01833142 0.01788650 -0.31111685 -0.01813007 0.95019872 1.61104655
0.93237652 -0.01290651 0.36125815 0.60471773 0.00347084 0.99963598 0.02675560 -0.00154713 -0.36147196 -0.02369242 0.93208191 1.89242160
0.91189637 -0.01862553 0.40999769 0.72098106 0.00606551 0.99947222 0.03191380 -0.01211214 -0.41037571 -0.02661523 0.91152806 2.10100770
0.88730531 -0.02030240 0.46073540 0.95305324 0.00427527 0.99934972 0.03580304 -0.00356650 -0.46116268 -0.02979846 0.88681511 2.35346794
0.85869836 -0.02238202 0.51199235 1.05735254 0.00141589 0.99914564 0.04130350 0.02108483 -0.51247938 -0.03474233 0.85799642 2.59777498
0.82722621 -0.02744545 0.56119831 1.35357463 0.00232786 0.99896512 0.04542313 0.02461467 -0.56186419 -0.03626881 0.82643403 2.78540134
0.79085101 -0.03315029 0.61111025 1.54258323 0.00375838 0.99877616 0.04931582 0.02266500 -0.61199718 -0.03670469 0.79000773 2.99874282
0.75427686 -0.03797104 0.65545756 1.76699650 0.00475614 0.99861605 0.05237722 0.03793323 -0.65653925 -0.03638948 0.75341358 3.21068883
0.71429833 -0.04109947 0.69863347 2.11448622 0.00518762 0.99855761 0.05343957 0.05198379 -0.69982211 -0.03454755 0.71348124 3.47895694
0.67318634 -0.04320080 0.73820989 2.37813020 0.00374876 0.99847858 0.05501343 0.05319805 -0.73946338 -0.03426692 0.67232409 3.66621232
0.63011920 -0.04345810 0.77528136 2.74797010 -0.00099748 0.99838651 0.05677489 0.09405216 -0.77649778 -0.03654827 0.62905916 3.90907288
0.58825258 -0.04459787 0.80744655 3.07548094 -0.00468844 0.99827326 0.05855353 0.11432224 -0.80866366 -0.03822994 0.58702773 4.14128304
0.54876878 -0.04606629 0.83470397 3.36773062 -0.00730463 0.99817822 0.05989060 0.12846018 -0.83594226 -0.03896330 0.54743255 4.35567570
0.51107926 -0.04841000 0.85816925 3.84715295 -0.00858405 0.99807544 0.06141441 0.14761755 -0.85949072 -0.03875421 0.50968010 4.57088423
0.47340927 -0.04860505 0.87950055 4.22517252 -0.01213724 0.99802167 0.06168817 0.17798296 -0.88075896 -0.03987846 0.47188278 4.73249817
0.43660699 -0.04809076 0.89836608 4.70081186 -0.01318795 0.99812085 0.05984013 0.22233139 -0.89955568 -0.03797423 0.43515232 4.94976377
0.40406521 -0.04721237 0.91351097 5.15409899 -0.01234289 0.99829481 0.05705372 0.23587613 -0.91464690 -0.03432879 0.40279347 5.19209576
0.37428240 -0.04570547 0.92618772 5.68671465 -0.01071571 0.99850475 0.05360449 0.26246431 -0.92725286 -0.02998798 0.37323299 5.31769562
0.34906897 -0.04398788 0.93606406 6.18433475 -0.00997863 0.99866657 0.05065087 0.28821743 -0.93704391 -0.02702128 0.34816457 5.57487202
0.32756572 -0.04359765 0.94382199 6.79248524 -0.00884541 0.99874954 0.04920481 0.32116908 -0.94478699 -0.02446631 0.32677048 5.72841406
0.31252531 -0.04409891 0.94888525 7.39377451 -0.00812456 0.99876118 0.04909277 0.36518180 -0.94987469 -0.02305200 0.31177986 5.92132902
0.30163529 -0.04565474 0.95232967 7.99682331 -0.00722324 0.99871476 0.05016629 0.38205612 -0.95339602 -0.02201083 0.30091784 6.09390163
0.28983902 -0.04770744 0.95588563 8.68692303 -0.00897221 0.99857753 0.05255866 0.40773407 -0.95703336 -0.02380996 0.28899869 6.20683622
0.27952331 -0.04945516 0.95886438 9.31127739 -0.01071808 0.99844962 0.05462132 0.45082083 -0.96007908 -0.02554511 0.27855988 6.38673878
0.27011817 -0.05155601 0.96144586 10.00681305 -0.01108897 0.99833255 0.05664944 0.49530336 -0.96276332 -0.02596348 0.26909606 6.59606457
0.25911218 -0.05372738 0.96435172 10.68279934 -0.01247215 0.99818223 0.05896335 0.52606380 -0.96576670 -0.02730566 0.25797108 6.82517147
0.24976053 -0.05514523 0.96673610 11.45691395 -0.01261406 0.99810702 0.06019361 0.55856353 -0.96822547 -0.02722845 0.24859214 7.06642008
0.24030526 -0.05718149 0.96901169 12.19207954 -0.01277676 0.99799063 0.06206005 0.59878206 -0.97061328 -0.02729418 0.23909181 7.25283813
0.22883327 -0.05984929 0.97162410 12.97981548 -0.01447681 0.99778868 0.06487048 0.64673978 -0.97335798 -0.02891054 0.22746082 7.42546797
0.21746593 -0.06369344 0.97398753 13.77156925 -0.01609448 0.99749895 0.06882444 0.70895761 -0.97593521 -0.03064279 0.21589693 7.60274506
0.20439965 -0.06690388 0.97659851 14.56432724 -0.01697944 0.99726920 0.07187372 0.75369638 -0.97874025 -0.03127306 0.20270548 7.78793859
0.19259875 -0.06971777 0.97879781 15.31771183 -0.01789423 0.99705751 0.07453943 0.79930848 -0.98111443 -0.03187103 0.19078449 7.92110157
0.17917168 -0.07080844 0.98126636 16.09053230 -0.01862020 0.99698385 0.07534252 0.83174527 -0.98364160 -0.03177062 0.17731281 8.02641964
0.16585865 -0.07004657 0.98365867 16.93733406 -0.02021607 0.99702303 0.07440696 0.87944824 -0.98594230 -0.03222675 0.16394883 8.22825718
0.14835403 -0.06940538 0.98649581 17.70794296 -0.02108775 0.99708537 0.07332169 0.92445165 -0.98870946 -0.03168054 0.14645803 8.37523270
0.12695622 -0.06807900 0.98956928 18.56949806 -0.02410066 0.99713564 0.07169152 0.97465020 -0.99161549 -0.03295096 0.12495182 8.41190529
0.10256416 -0.06685485 0.99247721 19.35204697 -0.02827631 0.99713976 0.07009105 1.02406561 -0.99432442 -0.03525242 0.10038040 8.53872299
0.07234416 -0.06677775 0.99514173 20.18544006 -0.03253820 0.99706700 0.06927238 1.07386589 -0.99684883 -0.03739157 0.06995915 8.60353851
0.03838805 -0.06678937 0.99702835 21.07011032 -0.03610461 0.99701961 0.06817890 1.12155151 -0.99861044 -0.03861457 0.03586223 8.59514618
0.00495031 -0.06655067 0.99777077 21.91895676 -0.03761142 0.99706459 0.06669017 1.16397929 -0.99928018 -0.03785772 0.00243271 8.60393906
-0.02908641 -0.06563078 0.99741996 22.72566032 -0.03998042 0.99712005 0.06444515 1.19589484 -0.99877703 -0.03800279 -0.03162659 8.55915451
-0.06281619 -0.06403496 0.99596870 23.55928612 -0.04235868 0.99721134 0.06144327 1.23658288 -0.99712580 -0.03832829 -0.06535345 8.53987026
-0.09480111 -0.06119422 0.99361361 24.41143036 -0.04486196 0.99735746 0.05714450 1.28288436 -0.99448487 -0.03915809 -0.09729589 8.45959663
-0.12910220 -0.05723775 0.98997801 25.25845528 -0.04217164 0.99774648 0.05218733 1.31675947 -0.99073416 -0.03501150 -0.13122507 8.34745026
-0.15874014 -0.05237616 0.98593017 26.02512932 -0.03780887 0.99818193 0.04693958 1.33564734 -0.98659620 -0.02982571 -0.16043182 8.20063877
-0.19054607 -0.04657590 0.98057273 26.89827538 -0.03199978 0.99863771 0.04121573 1.36046565 -0.98115657 -0.02352461 -0.19177691 8.00546455
-0.21901045 -0.04135426 0.97484576 27.71149635 -0.02713024 0.99897323 0.03628266 1.38651359 -0.97534526 -0.01850152 -0.21990753 7.83358145
-0.24655199 -0.03503067 0.96849624 28.59667587 -0.01862598 0.99933320 0.03140440 1.42494583 -0.96895056 -0.01029638 -0.24704007 7.60680723
-0.27573883 -0.02455132 0.96091900 29.36841011 -0.01360995 0.99967327 0.02163607 1.41988122 -0.96113624 -0.00711216 -0.27598288 7.41648722
-0.30160640 -0.01028128 0.95337709 30.14487839 -0.00805368 0.99993366 0.00823552 1.44190919 -0.95339851 -0.00519431 -0.30166919 7.12846327
-0.32690749 0.00558138 0.94503986 30.97016335 -0.00700131 0.99994082 -0.00832751 1.43201506 -0.94503041 -0.00933884 -0.32684906 6.87166643
-0.35227062 0.02009729 0.93568238 31.69852257 -0.00869355 0.99965601 -0.02474436 1.41234720 -0.93585780 -0.01685112 -0.35197473 6.57727814
-0.37633838 0.03040316 0.92598330 32.51848984 -0.00467401 0.99938640 -0.03471285 1.37997997 -0.92647049 -0.01739183 -0.37596536 6.25033092
-0.39979834 0.03488497 0.91593904 33.25147629 -0.00138498 0.99925136 -0.03866258 1.33294809 -0.91660208 -0.01672579 -0.39945072 5.92356110
-0.42163292 0.03413417 0.90612391 34.01057434 0.00072277 0.99930355 -0.03730798 1.28237379 -0.90676632 -0.01507535 -0.42136394 5.54784679
-0.44263665 0.03052600 0.89618132 34.76819229 0.00429699 0.99948112 -0.03192229 1.25861454 -0.89669077 -0.01027910 -0.44253814 5.24679565
-0.46189136 0.02939376 0.88644931 35.47391891 0.01148447 0.99956511 -0.02716049 1.23505402 -0.88686215 -0.00236480 -0.46202806 4.87693644
-0.47403636 0.02983497 0.87999966 36.21173859 0.01527343 0.99955402 -0.02566082 1.19042647 -0.88037279 0.00127645 -0.47428064 4.38604212
-0.48524236 0.03283861 0.87376283 36.94123459 0.01787359 0.99945823 -0.02763655 1.13676214 -0.87419700 0.00220685 -0.48556641 3.99635720
-0.49531243 0.03547833 0.86799014 37.64484024 0.01928084 0.99936854 -0.02984584 1.09779787 -0.86850092 0.00195256 -0.49568371 3.60884929
-0.50691887 0.03467126 0.86129621 38.35057831 0.01286755 0.99938379 -0.03265670 1.02139270 -0.86189772 -0.00547152 -0.50705264 3.27672076
-0.51730501 0.03309085 0.85516111 39.02061081 0.01114530 0.99942792 -0.03193129 1.03723180 -0.85572852 -0.00698719 -0.51737788 2.79903913
-0.52628137 0.03441481 0.84961376 39.71135712 0.01401014 0.99939594 -0.03180356 1.00726330 -0.85019506 -0.00483442 -0.52644562 2.40252519
-0.53316525 0.03703658 0.84520004 40.35724258 0.01723216 0.99930945 -0.03291932 0.95242995 -0.84583560 -0.00298681 -0.53343529 1.96363473
-0.53704552 0.04023800 0.84259303 41.07407761 0.01785564 0.99918013 -0.03633512 0.91602868 -0.84336427 -0.00446858 -0.53732369 1.51127625
-0.53659086 0.04153491 0.84281973 41.79704285 0.01664471 0.99911455 -0.03864022 0.85563028 -0.84367838 -0.00670549 -0.53680707 1.04947793
-0.53383652 0.04274815 0.84450646 42.52191544 0.01979110 0.99907938 -0.03806197 0.83799571 -0.84535607 -0.00360516 -0.53419109 0.61760318
-0.52741718 0.04164303 0.84858528 43.27119446 0.01814305 0.99912235 -0.03775405 0.80306351 -0.84941271 -0.00451621 -0.52770982 0.12330931
-0.52105989 0.04016412 0.85257459 44.04012680 0.01597396 0.99917614 -0.03730775 0.76836103 -0.85337063 -0.00582058 -0.52127219 -0.29573116
-0.51360729 0.03947213 0.85711697 44.76751709 0.01444702 0.99919750 -0.03735821 0.73811549 -0.85790374 -0.00680466 -0.51376538 -0.74472451
-0.50745508 0.03820012 0.86083105 45.61679077 0.01182676 0.99923151 -0.03736994 0.69078648 -0.86159705 -0.00878272 -0.50751689 -1.17115903
-0.50314598 0.03639049 0.86343492 46.44870758 0.00795724 0.99926576 -0.03747835 0.65624732 -0.86416480 -0.01198652 -0.50306612 -1.64901066
-0.50162287 0.03280914 0.86446403 47.22538376 0.00250666 0.99933149 -0.03647325 0.60992998 -0.86508278 -0.01612890 -0.50136977 -2.10431385
-0.50195639 0.03092504 0.86433988 48.14558792 0.00045875 0.99936993 -0.03548984 0.57585514 -0.86489281 -0.01741783 -0.50165431 -2.60780334
-0.50299678 0.02916362 0.86379611 48.98400497 -0.00108909 0.99940836 -0.03437637 0.53755742 -0.86428760 -0.01823196 -0.50266743 -3.07738447
-0.50311295 0.02899368 0.86373418 49.82412338 -0.00078635 0.99942130 -0.03400643 0.50276041 -0.86422031 -0.01778827 -0.50279900 -3.56200624
-0.50333526 0.02790656 0.86364045 50.76192474 -0.00147579 0.99944913 -0.03315501 0.44137463 -0.86408995 -0.01796264 -0.50301681 -4.08115578
-0.50301861 0.02723421 0.86384639 51.64580536 -0.00131327 0.99947817 -0.03227495 0.39353445 -0.86427458 -0.01736936 -0.50272035 -4.63717747
-0.50304792 0.02643648 0.86385410 52.52311325 -0.00144539 0.99950493 -0.03142949 0.34960085 -0.86425731 -0.01705915 -0.50276066 -5.13490963
-0.50330737 0.02539791 0.86373412 53.47381592 -0.00305164 0.99950948 -0.03116858 0.31844839 -0.86410206 -0.01832318 -0.50298299 -5.65278912
-0.50368792 0.02456115 0.86353647 54.40179062 -0.00354288 0.99952862 -0.03049561 0.26030248 -0.86387842 -0.01841968 -0.50336347 -6.17220831
-0.50335946 0.02350921 0.86375724 55.25524139 -0.00461685 0.99954237 -0.02989542 0.23456371 -0.86406478 -0.01903598 -0.50302057 -6.64106083
-0.50191098 0.02201665 0.86463902 56.19528580 -0.00549590 0.99957460 -0.02864286 0.17384601 -0.86490182 -0.01912813 -0.50157647 -7.15493250
-0.49960470 0.02003113 0.86602188 57.00312805 -0.00396306 0.99966929 -0.02540867 0.15510386 -0.86624444 -0.01612639 -0.49936010 -7.68376064
-0.49776962 0.01859623 0.86710991 57.92780685 -0.00405366 0.99970931 -0.02376701 0.09372430 -0.86729982 -0.01534546 -0.49754954 -8.16950226
-0.49518444 0.01798136 0.86860177 58.86005402 -0.00492541 0.99971162 -0.02350347 0.02534042 -0.86877391 -0.01591677 -0.49495308 -8.71031952
-0.49322263 0.01842316 0.86970801 59.69621658 -0.00388058 0.99971917 -0.02337793 -0.00460293 -0.86989447 -0.01490550 -0.49301262 -9.20677757
-0.49291880 0.01894316 0.86986908 60.63313293 -0.00420374 0.99969945 -0.02415256 -0.06994191 -0.87006516 -0.01556195 -0.49269102 -9.65845871
-0.49395183 0.02002559 0.86925863 61.50004196 -0.00362019 0.99967871 -0.02508730 -0.06694397 -0.86948173 -0.01553880 -0.49372063 -10.12725258
-0.49505682 0.02171507 0.86858920 62.40516663 -0.00622944 0.99957323 -0.02854023 -0.12977624 -0.86883827 -0.01953986 -0.49471028 -10.73053932
-0.49953081 0.02205119 0.86601542 63.27199554 -0.00751671 0.99952802 -0.02978655 -0.18865964 -0.86626351 -0.02138888 -0.49912929 -11.20328617
-0.50587242 0.02063863 0.86236138 64.17310333 -0.00745144 0.99957188 -0.02829356 -0.22736861 -0.86257613 -0.02073876 -0.50550206 -11.69318199
-0.51128363 0.01756579 0.85923250 65.08814240 -0.00560863 0.99970160 -0.02377488 -0.30030456 -0.85939373 -0.01697482 -0.51103255 -12.17376518
-0.51632764 0.01617465 0.85623837 65.94685364 -0.00741702 0.99969967 -0.02335728 -0.33383965 -0.85635901 -0.01841075 -0.51605260 -12.70999146
-0.52080725 0.01746813 0.85349556 66.80155182 -0.00696366 0.99967043 -0.02470909 -0.37892598 -0.85364590 -0.01881213 -0.52051396 -13.24472141
-0.52538124 0.02029241 0.85062493 67.65786743 -0.00513542 0.99962174 -0.02701871 -0.40543035 -0.85085144 -0.01856344 -0.52507830 -13.78816700
-0.53121247 0.02032528 0.84699480 68.49858856 -0.00702678 0.99957212 -0.02839367 -0.44776037 -0.84720950 -0.02103472 -0.53084235 -14.27005196
-0.53493778 0.02037633 0.84464571 69.28513336 -0.00799992 0.99954217 -0.02917965 -0.48562869 -0.84485358 -0.02236639 -0.53452986 -14.78957081
-0.53769278 0.01974599 0.84290959 70.15621185 -0.00796535 0.99956215 -0.02849684 -0.54666597 -0.84310321 -0.02203661 -0.53730006 -15.35534763
-0.54024857 0.01346656 0.84139773 70.90788269 -0.00602614 0.99978439 -0.01987083 -0.56685162 -0.84148391 -0.01580556 -0.54005094 -15.83674908
-0.54250546 0.00628684 0.84002875 71.74327087 -0.00514241 0.99992841 -0.01080460 -0.58361763 -0.84003654 -0.01018133 -0.54243429 -16.38671112
-0.54348308 0.00481840 0.83940630 72.55673981 -0.00353490 0.99996152 -0.00802874 -0.57865602 -0.83941268 -0.00733070 -0.54344513 -16.92638016
-0.54447328 0.00856569 0.83873445 73.35234070 -0.00403498 0.99990954 -0.01283106 -0.62024242 -0.83876848 -0.01037045 -0.54438947 -17.44683075
-0.54577219 0.01281773 0.83783556 74.13703918 -0.00395740 0.99983242 -0.01787393 -0.66195685 -0.83792425 -0.01307074 -0.54563000 -17.96219635
-0.54634977 0.01816885 0.83736003 74.93930054 0.00250431 0.99979565 -0.02005936 -0.67406982 -0.83755338 -0.00886242 -0.54628362 -18.47734642
-0.54690769 0.01904643 0.83697623 75.68441772 0.00533725 0.99980018 -0.01926415 -0.71902722 -0.83717590 -0.00606856 -0.54690007 -18.99740982
-0.54624887 0.01662238 0.83745798 76.48213196 0.00556281 0.99985302 -0.01621724 -0.74964702 -0.83760446 -0.00420002 -0.54626105 -19.53031921
-0.54520579 0.01119452 0.83822749 77.30152893 0.00336299 0.99993200 -0.01116670 -0.76993847 -0.83829549 -0.00326920 -0.54520636 -20.06267166
-0.54475541 0.00513691 0.83857925 78.12310791 0.00070398 0.99998369 -0.00566831 -0.80917758 -0.83859468 -0.00249750 -0.54475014 -20.56911278
-0.54537195 -0.00182726 0.83819216 78.93047333 -0.00826386 0.99996074 -0.00319699 -0.84922105 -0.83815341 -0.00867025 -0.54536564 -21.04612160
-0.54354487 -0.00586711 0.83935961 79.72458649 -0.01569302 0.99987182 -0.00317325 -0.85566270 -0.83923340 -0.01489689 -0.54356727 -21.55360413
-0.54115512 -0.00650652 0.84089762 80.47769928 -0.01379956 0.99990413 -0.00114379 -0.87254769 -0.84080955 -0.01222299 -0.54119303 -22.06262779
-0.53780521 -0.00263642 0.84306501 81.26464081 -0.00832278 0.99996298 -0.00218217 -0.90184122 -0.84302805 -0.00819023 -0.53780725 -22.60600662
-0.53389052 0.00101878 0.84555300 82.02984619 -0.00617638 0.99996790 -0.00510466 -0.90320522 -0.84553106 -0.00794778 -0.53386708 -23.06514359
-0.52594598 0.00263717 0.85051389 82.81090546 -0.00121829 0.99999183 -0.00385402 -0.93515772 -0.85051710 -0.00306318 -0.52593847 -23.55940056
-0.51692291 0.00493436 0.85601773 83.62548828 0.00479073 0.99998440 -0.00287125 -0.98627096 -0.85601855 0.00261674 -0.51693848 -24.08273697
-0.50722999 0.00576328 0.86179146 84.45346832 0.00428676 0.99998214 -0.00416435 -0.99587637 -0.86180007 0.00158201 -0.50724564 -24.54718781
-0.49585990 0.00288028 0.86839776 85.29644775 0.00074377 0.99999554 -0.00289206 -1.02358115 -0.86840222 -0.00078817 -0.49585983 -25.01039314
-0.48482800 -0.00067761 0.87460926 86.10698700 0.00106409 0.99999850 0.00136462 -1.03531623 -0.87460887 0.00159227 -0.48482655 -25.46567726
-0.47262970 -0.00115886 0.88126036 86.90630341 0.00112977 0.99999752 0.00192091 -1.06393719 -0.88126040 0.00190350 -0.47262722 -25.92598343
-0.46054169 -0.00174181 0.88763637 87.81214142 0.00154406 0.99999499 0.00276341 -1.05444944 -0.88763673 0.00264323 -0.46053669 -26.35702896
-0.44804362 -0.00067378 0.89401144 88.61631775 0.00344010 0.99999101 0.00247770 -1.08164763 -0.89400508 0.00418560 -0.44803727 -26.76733971
-0.43577763 0.00113699 0.90005365 89.56809998 0.00208159 0.99999780 -0.00025540 -1.11325586 -0.90005196 0.00176224 -0.43577903 -27.13630676
-0.42462078 0.01154258 0.90529772 90.35843658 0.00598311 0.99993267 -0.00994287 -1.09517610 -0.90535153 0.00119455 -0.42466125 -27.54692650
-0.41133704 0.01696353 0.91132545 91.22969818 0.00606958 0.99985561 -0.01587187 -1.13590217 -0.91146311 -0.00099733 -0.41138061 -27.93853378
-0.40024140 0.01284460 0.91631972 92.01177216 0.00408458 0.99991684 -0.01223232 -1.13497782 -0.91640064 -0.00115310 -0.40026058 -28.27293777
-0.38793552 0.00703865 0.92165964 92.94378662 0.00139603 0.99997418 -0.00704913 -1.19735897 -0.92168546 -0.00144794 -0.38793533 -28.64677429
-0.37834201 0.00892834 0.92562282 93.75561523 0.00098389 0.99995680 -0.00924319 -1.19489372 -0.92566536 -0.00258638 -0.37833445 -28.95851517
-0.37107742 0.01516589 0.92847808 94.61223602 -0.00061275 0.99986241 -0.01657679 -1.20586276 -0.92860173 -0.00672020 -0.37101707 -29.27524948
-0.36555935 0.02141582 0.93054163 95.37807465 -0.00598775 0.99966048 -0.02535881 -1.22039521 -0.93076877 -0.01484201 -0.36530700 -29.60120392
-0.36181182 0.02311831 0.93196446 96.36134338 -0.00926228 0.99955399 -0.02839078 -1.26870978 -0.93220514 -0.01890424 -0.36143631 -29.95203590
-0.35911237 0.02207880 0.93303314 97.06906128 -0.01213299 0.99952521 -0.02832206 -1.30463171 -0.93321546 -0.02149128 -0.35867398 -30.22813606
-0.35366476 0.02383595 0.93506849 97.99452209 -0.00811605 0.99955943 -0.02854957 -1.32556379 -0.93533703 -0.01768604 -0.35331550 -30.54613304
-0.34770170 0.01844720 0.93742372 98.86016083 -0.01376537 0.99959824 -0.02477645 -1.37745988 -0.93750416 -0.02151880 -0.34730808 -30.86371613
-0.34262874 0.01690469 0.93931878 99.76132202 -0.00800944 0.99974920 -0.02091378 -1.38363540 -0.93943674 -0.01468908 -0.34240741 -31.17506409
-0.33655977 0.01359836 0.94156392 100.56173706 -0.01167820 0.99975856 -0.01861317 -1.42595851 -0.94158969 -0.01726021 -0.33631970 -31.45834732
-0.33080828 0.01331597 0.94360403 101.42198944 -0.01214092 0.99975764 -0.01836476 -1.43755233 -0.94361988 -0.01753144 -0.33056643 -31.74909210
-0.32449978 0.01352661 0.94578905 102.34526825 -0.02337119 0.99947782 -0.02231310 -1.45571852 -0.94559700 -0.02934481 -0.32401420 -32.00123978
-0.31764206 0.01793872 0.94804099 103.13575745 -0.01621366 0.99957210 -0.02434618 -1.48168850 -0.94807206 -0.02310459 -0.31721529 -32.29230881
-0.31038637 0.02049260 0.95038958 104.00192261 -0.01817934 0.99945682 -0.02748777 -1.54633617 -0.95043664 -0.02580929 -0.30984523 -32.58628082
-0.30386309 0.01781559 0.95254912 104.86168671 -0.02316233 0.99939147 -0.02608047 -1.58808374 -0.95243411 -0.02998815 -0.30326553 -32.86103439
-0.29652920 0.01301766 0.95493506 105.78531647 -0.02289592 0.99952280 -0.02073518 -1.61639345 -0.95474929 -0.02801271 -0.29608965 -33.13294220
-0.29005119 0.01071832 0.95695111 106.59568024 -0.02425599 0.99953371 -0.01854724 -1.65310466 -0.95670369 -0.02859145 -0.28965596 -33.35879517
-0.28322703 0.01370625 0.95895495 107.42933655 -0.02339627 0.99950155 -0.02119586 -1.65582108 -0.95876747 -0.02843921 -0.28276518 -33.63240433
-0.27722484 0.01593504 0.96067292 108.28505707 -0.02586048 0.99937647 -0.02403968 -1.70236135 -0.96045699 -0.03150786 -0.27663990 -33.86878204
-0.27034264 0.01824485 0.96259129 109.09409332 -0.02434009 0.99937133 -0.02577786 -1.71105027 -0.96245645 -0.03039842 -0.26972860 -34.09114456
-0.26336976 0.01676834 0.96454922 110.03825378 -0.02619777 0.99935585 -0.02452673 -1.75543761 -0.96433918 -0.03172864 -0.26276081 -34.34577560
-0.25512758 0.01740302 0.96675077 110.93167877 -0.02352009 0.99943046 -0.02419831 -1.79369080 -0.96662129 -0.02891172 -0.25457295 -34.58580780
-0.24796529 0.01787514 0.96860399 111.74377441 -0.02038439 0.99951213 -0.02366399 -1.82903147 -0.96855443 -0.02561225 -0.24747994 -34.78624344
-0.24141957 0.01968115 0.97022123 112.66544342 -0.01585978 0.99958077 -0.02422309 -1.84207141 -0.97029122 -0.02123542 -0.24100622 -35.01290894
-0.23467899 0.01821521 0.97190225 113.49969482 -0.02372647 0.99941921 -0.02446000 -1.88239062 -0.97178332 -0.02880006 -0.23411051 -35.19152069
-0.22899823 0.01590265 0.97329693 114.35192871 -0.03030594 0.99926538 -0.02345736 -1.94340873 -0.97295496 -0.03486837 -0.22834806 -35.37586212
-0.22451434 0.01563117 0.97434541 115.22724152 -0.02599897 0.99941932 -0.02202426 -1.96150410 -0.97412390 -0.03027674 -0.22397758 -35.58569717
-0.21981763 0.01664609 0.97539895 116.08882904 -0.02471174 0.99943855 -0.02262543 -1.99956524 -0.97522794 -0.02907728 -0.21928286 -35.77807236
-0.21477654 0.01678440 0.97651898 117.06791687 -0.02557155 0.99941291 -0.02280214 -2.05117774 -0.97632839 -0.02986847 -0.21422124 -36.01058960
-0.20905469 0.01688896 0.97775810 117.87228394 -0.01954912 0.99957887 -0.02144567 -2.08142710 -0.97770853 -0.02359763 -0.20863649 -36.19874954
-0.20265761 0.01569998 0.97912379 118.85250092 -0.01283344 0.99974302 -0.01868685 -2.10894632 -0.97916556 -0.01635256 -0.20240405 -36.42321777
-0.19755813 0.01563480 0.98016648 119.69718933 -0.01000377 0.99978859 -0.01796411 -2.15082598 -0.98024013 -0.01335432 -0.19735996 -36.57625580
-0.19427217 0.01685582 0.98080284 120.53939056 -0.01306345 0.99971924 -0.01976845 -2.19634509 -0.98086068 -0.01665313 -0.19399743 -36.71963501
-0.19062348 0.01852414 0.98148843 121.43157959 -0.01448263 0.99966006 -0.02167991 -2.20913482 -0.98155639 -0.01834723 -0.19029040 -36.88751221
-0.18911962 0.01879913 0.98177409 122.28546143 -0.01232679 0.99969249 -0.02151675 -2.22226191 -0.98187668 -0.01617136 -0.18882973 -37.01709366
-0.18766573 0.01976150 0.98203414 123.18046570 -0.00784725 0.99973552 -0.02161731 -2.24074984 -0.98220161 -0.01176309 -0.18746103 -37.19649887
-0.18642481 0.01657417 0.98232942 124.04470825 -0.00652943 0.99981471 -0.01810834 -2.28325915 -0.98244753 -0.00978990 -0.18628205 -37.36411667
-0.18473603 0.01179237 0.98271743 125.00180054 -0.00657464 0.99989081 -0.01323438 -2.29733253 -0.98276618 -0.00890588 -0.18463833 -37.53501892
-0.18302046 0.00996175 0.98305863 125.89631653 -0.00347123 0.99993588 -0.01077903 -2.32640433 -0.98310298 -0.00538520 -0.18297415 -37.72649765
-0.18151772 0.01508342 0.98327199 126.77570343 -0.00168563 0.99987612 -0.01564931 -2.34720254 -0.98338623 -0.00449806 -0.18146981 -37.86206055
-0.18245380 0.01821993 0.98304560 127.60183716 -0.00510315 0.99979727 -0.01947756 -2.38540649 -0.98320118 -0.00857038 -0.18232383 -38.01646423
-0.18246882 0.01785829 0.98304945 128.47381592 -0.00390718 0.99981397 -0.01888807 -2.41383171 -0.98320388 -0.00728743 -0.18236510 -38.15465164
-0.18169773 0.01750800 0.98319856 129.33938599 -0.00459284 0.99981547 -0.01865267 -2.43917727 -0.98334370 -0.00790482 -0.18158379 -38.31341934
-0.18103751 0.01689198 0.98333111 130.16911316 -0.00399970 0.99983157 -0.01791180 -2.47611070 -0.98346806 -0.00717573 -0.18093945 -38.46515656
-0.17953652 0.01892752 0.98356921 131.05776978 -0.00629632 0.99977230 -0.02038863 -2.51142001 -0.98373116 -0.00985337 -0.17937647 -38.63653946
-0.18020445 0.02006463 0.98342451 131.84010315 -0.01663817 0.99958671 -0.02344319 -2.53422403 -0.98348845 -0.02058695 -0.17979613 -38.75358582
-0.18000762 0.02141097 0.98343217 132.73434448 -0.01922478 0.99949555 -0.02527960 -2.55549264 -0.98347733 -0.02345679 -0.17950519 -38.91849136
-0.17904413 0.02353098 0.98355960 133.69284058 -0.02349735 0.99932650 -0.02818557 -2.61458278 -0.98356041 -0.02815751 -0.17837063 -39.05719757
-0.17725469 0.02679773 0.98380011 134.55094910 -0.00891586 0.99954448 -0.02883299 -2.63863325 -0.98412463 -0.01388220 -0.17693502 -39.19550705
-0.17532631 0.02772644 0.98411988 135.31892395 -0.00953878 0.99950859 -0.02985938 -2.67332959 -0.98446417 -0.01462244 -0.17497568 -39.35162735
-0.17391682 0.02594075 0.98441862 136.15124512 -0.00620578 0.99960426 -0.02743729 -2.69935131 -0.98474079 -0.01088089 -0.17368701 -39.50470352
-0.17090703 0.02256377 0.98502876 136.95657349 -0.00527524 0.99970246 -0.02381518 -2.74250174 -0.98527304 -0.00926644 -0.17073715 -39.67552185
-0.16863549 0.01779482 0.98551784 137.81559753 -0.00177741 0.99982991 -0.01835738 -2.76324892 -0.98567688 -0.00484738 -0.16857518 -39.82227325
-0.16483629 0.01509707 0.98620539 138.61572266 -0.00647185 0.99984477 -0.01638758 -2.78659153 -0.98629971 -0.00908385 -0.16471299 -39.95287323
-0.16053106 0.01993838 0.98682939 139.35151672 -0.00687622 0.99974910 -0.02131800 -2.84296632 -0.98700684 -0.01020786 -0.16035368 -40.06213760
-0.15354469 0.02412987 0.98784704 140.16122437 -0.00376062 0.99968029 -0.02500344 -2.86457634 -0.98813455 -0.00755406 -0.15340485 -40.21822357
-0.14562254 0.02406943 0.98904739 140.93986511 -0.01370012 0.99955910 -0.02634238 -2.89703918 -0.98924536 -0.01738611 -0.14522858 -40.32249069
-0.13569755 0.02009788 0.99054644 141.70779419 -0.00151146 0.99978886 -0.02049246 -2.91979647 -0.99074916 -0.00427795 -0.13563852 -40.43853760
-0.12342431 0.01889642 0.99217406 142.54093933 0.00253020 0.99982143 -0.01872732 -2.95720625 -0.99235076 0.00019899 -0.12345008 -40.56081390
-0.11062974 0.02034524 0.99365343 143.28700256 -0.00448117 0.99977008 -0.02096940 -2.99215531 -0.99385159 -0.00677257 -0.11051313 -40.65621948
-0.09576519 0.02207674 0.99515911 144.04669189 0.00162694 0.99975616 -0.02202216 -3.02870274 -0.99540262 -0.00048989 -0.09577776 -40.74196243
-0.08373708 0.02112289 0.99626398 144.71795654 -0.00339994 0.99976344 -0.02148286 -3.06081438 -0.99648208 -0.00518615 -0.08364546 -40.79341888
-0.06860886 0.02295230 0.99737957 145.68324280 0.00197569 0.99973648 -0.02287064 -3.08427382 -0.99764168 0.00040138 -0.06863613 -40.85388947
-0.05479631 0.02977647 0.99805347 146.40658569 0.00403920 0.99955368 -0.02959946 -3.11592436 -0.99848938 0.00240939 -0.05489213 -40.89569092
-0.04262340 0.03817274 0.99836170 147.17308044 -0.00487771 0.99924997 -0.03841495 -3.15523958 -0.99907930 -0.00650709 -0.04240523 -40.90666962
-0.02920063 0.04539545 0.99854223 147.88520813 -0.01395188 0.99885239 -0.04581755 -3.18141127 -0.99947620 -0.01526944 -0.02853377 -40.89016724
-0.01571584 0.04684774 0.99877840 148.55378723 -0.01344936 0.99880150 -0.04706045 -3.22004843 -0.99978604 -0.01417253 -0.01506693 -40.91124344
-0.00344391 0.04297729 0.99907011 149.33296204 -0.01448743 0.99896904 -0.04302289 -3.25616693 -0.99988912 -0.01462212 -0.00281773 -40.88628387
0.00771729 0.04032228 0.99915692 150.11514282 -0.01650749 0.99905566 -0.04019069 -3.31332254 -0.99983396 -0.01618341 0.00837562 -40.87179184
0.01643289 0.04635420 0.99878989 150.93272400 -0.01585527 0.99881126 -0.04609433 -3.35936475 -0.99973925 -0.01507862 0.01714831 -40.85076141
0.02275075 0.05391150 0.99828651 151.64712524 -0.02588316 0.99824202 -0.05331922 -3.39289927 -0.99940606 -0.02462576 0.02410616 -40.84349823
0.02597500 0.05700691 0.99803583 152.36967468 -0.02645219 0.99806229 -0.05631998 -3.41927695 -0.99931255 -0.02493733 0.02743262 -40.80146027
0.02579263 0.05306596 0.99825785 153.13137817 -0.02946992 0.99819642 -0.05230126 -3.48662210 -0.99923284 -0.02806959 0.02730996 -40.74326324
0.02597255 0.04781593 0.99851843 154.02665710 -0.01052694 0.99881309 -0.04755623 -3.53953028 -0.99960723 -0.00927619 0.02644508 -40.72946930
0.02230678 0.04563995 0.99870887 154.72230530 -0.01650234 0.99883815 -0.04527727 -3.57765579 -0.99961497 -0.01547104 0.02303403 -40.72510910
0.01883482 0.04501813 0.99880860 155.49833679 -0.01537958 0.99888066 -0.04473136 -3.61566138 -0.99970432 -0.01451875 0.01950610 -40.70316696
0.01591574 0.04609843 0.99881010 156.33392334 -0.01415697 0.99884689 -0.04587454 -3.65822124 -0.99977311 -0.01341000 0.01655000 -40.70037842
0.01105919 0.04364490 0.99898589 157.02238464 -0.01366319 0.99896032 -0.04349252 -3.71413898 -0.99984549 -0.01316834 0.01164403 -40.68440247
0.00545214 0.04507696 0.99896864 157.80923462 -0.01468455 0.99887938 -0.04499279 -3.75009894 -0.99987731 -0.01442409 0.00610797 -40.68579483
0.00027675 0.04197057 0.99911881 158.61282349 -0.01126379 0.99905560 -0.04196479 -3.79750800 -0.99993652 -0.01124225 0.00074924 -40.66381836
-0.00463231 0.03967795 0.99920178 159.42500305 -0.01132525 0.99914634 -0.03972825 -3.84873605 -0.99992514 -0.01150025 -0.00417899 -40.65736389
-0.01038169 0.03944564 0.99916778 160.09461975 -0.01675664 0.99907446 -0.03961607 -3.88449836 -0.99980570 -0.01715398 -0.00971111 -40.66570282
-0.01628882 0.04132082 0.99901315 160.78135681 -0.01102966 0.99907748 -0.04150332 -3.90058064 -0.99980649 -0.01169482 -0.01581804 -40.66976547
-0.02140231 0.04323030 0.99883586 161.44311523 -0.01538208 0.99893221 -0.04356407 -3.95346022 -0.99965261 -0.01629655 -0.02071449 -40.68833542
-0.02538855 0.04539953 0.99864624 162.14582825 -0.02012752 0.99874253 -0.04591561 -4.00184870 -0.99947501 -0.02126600 -0.02444284 -40.71432495
-0.02678563 0.04620367 0.99857286 162.88041687 -0.01702580 0.99876529 -0.04666928 -4.06604290 -0.99949620 -0.01825157 -0.02596591 -40.72509384
-0.02643340 0.04541209 0.99861855 163.57861328 -0.01285770 0.99886954 -0.04576385 -4.09238482 -0.99956788 -0.01404963 -0.02581963 -40.75609970
-0.02190138 0.04203638 0.99887600 164.25610352 -0.01545051 0.99898211 -0.04237961 -4.14103460 -0.99964074 -0.01636132 -0.02122960 -40.78654861
-0.01306176 0.04231896 0.99901877 165.09255981 -0.01364521 0.99900342 -0.04249672 -4.19354582 -0.99982158 -0.01418690 -0.01247129 -40.79325485
-0.00311124 0.04400968 0.99902626 165.73286438 -0.01661340 0.99889094 -0.04405546 -4.24168110 -0.99985715 -0.01673429 -0.00237664 -40.79302216
0.01060876 0.04399055 0.99897562 166.41549683 -0.01307602 0.99895252 -0.04385067 -4.28291845 -0.99985823 -0.01259742 0.01117287 -40.75810242
0.02574234 0.04129434 0.99881535 167.04991150 -0.01031638 0.99910423 -0.04104040 -4.30809784 -0.99961538 -0.00924769 0.02614528 -40.73014450
0.04034267 0.03785377 0.99846861 167.66859436 -0.00967360 0.99925008 -0.03749254 -4.29802275 -0.99913907 -0.00814623 0.04067860 -40.68410492
0.05759067 0.03158751 0.99784044 168.41218567 -0.01564176 0.99940519 -0.03073428 -4.37167406 -0.99821774 -0.01383798 0.05805050 -40.65924835
0.07467702 0.02495401 0.99689550 169.09770203 -0.01454000 0.99960783 -0.02393272 -4.37454987 -0.99710177 -0.01270763 0.07501057 -40.60969543
0.09240208 0.01838141 0.99555210 169.68428040 -0.01708423 0.99971168 -0.01687254 -4.41334105 -0.99557520 -0.01544918 0.09268947 -40.55900574
0.10953933 0.01287057 0.99389913 170.39491272 -0.02117014 0.99971956 -0.01061274 -4.43610477 -0.99375699 -0.01987847 0.10978108 -40.47562027
0.12696766 0.01021789 0.99185423 171.05502319 -0.01621704 0.99983467 -0.00822416 -4.45787525 -0.99177428 -0.01504074 0.12711238 -40.40074921
0.14424905 0.00910703 0.98949951 171.71002197 -0.01474923 0.99986635 -0.00705230 -4.46668243 -0.98943149 -0.01357707 0.14436409 -40.29341507
0.16220504 0.00814190 0.98672348 172.37861633 -0.01381160 0.99988673 -0.00598006 -4.48747253 -0.98666041 -0.01265823 0.16229912 -40.20352554
0.17821926 0.00856433 0.98395353 173.01469421 -0.02207749 0.99974520 -0.00470298 -4.49476767 -0.98374310 -0.02088507 0.17836293 -40.08372498
0.19175533 0.00571029 0.98142615 173.68910217 -0.02577226 0.99966754 -0.00078093 -4.51628447 -0.98110432 -0.02514382 0.19183875 -39.94010544
0.20419718 0.00171510 0.97892828 174.30415344 -0.02241196 0.99974455 0.00292340 -4.52885103 -0.97867319 -0.02253665 0.20418346 -39.78939438
0.21475500 0.00152289 0.97666676 174.90104675 -0.02610674 0.99965041 0.00418177 -4.55132294 -0.97631897 -0.02639564 0.21471969 -39.68706131
0.22496584 0.00374384 0.97435946 175.50100708 -0.02387196 0.99971363 0.00167044 -4.55022049 -0.97407418 -0.02363566 0.22499079 -39.51448059
0.23408902 0.00986161 0.97216515 176.10557556 -0.02741053 0.99961799 -0.00353987 -4.56403303 -0.97182869 -0.02581892 0.23426990 -39.36584091
0.24356515 0.02072097 0.96966317 176.67120361 -0.03053841 0.99943989 -0.01368647 -4.58886623 -0.96940364 -0.02627842 0.24406151 -39.19498825
0.25147406 0.02701349 0.96748699 177.29978943 -0.02436423 0.99947034 -0.02157363 -4.58270073 -0.96755733 -0.01814687 0.25199903 -39.05951691
0.25873065 0.02594935 0.96560089 177.88575745 -0.02519591 0.99948027 -0.02010863 -4.60224915 -0.96562085 -0.01912648 0.25924999 -38.89564514
0.26434074 0.01845925 0.96425268 178.48150635 -0.02634026 0.99958203 -0.01191465 -4.62727070 -0.96406958 -0.02224914 0.26471648 -38.72071838
0.26993183 0.00711478 0.96285315 179.03945923 -0.02820892 0.99960191 0.00052193 -4.63803530 -0.96246614 -0.02730193 0.27002508 -38.53327560
0.27117328 -0.00024361 0.96253051 179.67129517 -0.03252380 0.99942661 0.00941587 -4.68260241 -0.96198090 -0.03385848 0.27100987 -38.31716156
0.27259558 -0.00222881 0.96212612 180.32902527 -0.02560161 0.99962642 0.00956929 -4.68542004 -0.96178803 -0.02724052 0.27243669 -38.15063477
0.27389363 0.00054046 0.96175984 180.91491699 -0.01856750 0.99981644 0.00472587 -4.67170095 -0.96158074 -0.01915186 0.27385339 -37.97729874
0.27647151 -0.00028703 0.96102207 181.63316345 -0.01358852 0.99989882 0.00420785 -4.68001652 -0.96092604 -0.01422222 0.27643963 -37.79486084
0.27864741 -0.00282995 0.96038930 182.25292969 -0.01471016 0.99986577 0.00721428 -4.64822626 -0.96028081 -0.01613772 0.27856838 -37.64072800
0.28172202 -0.00725918 0.95946861 182.79841614 -0.01408055 0.99983242 0.01169894 -4.66530371 -0.95939275 -0.01680570 0.28157260 -37.40988922
0.28457177 -0.01210503 0.95857831 183.45538330 -0.01343946 0.99977164 0.01661498 -4.69886351 -0.95856053 -0.01761093 0.28434410 -37.26216125
0.28872135 -0.01538524 0.95728955 184.05709839 -0.01134464 0.99974570 0.01948916 -4.70032740 -0.95734596 -0.01648705 0.28847339 -37.06040573
0.29488844 -0.01577351 0.95540149 184.69183350 -0.01225258 0.99971912 0.02028699 -4.70415401 -0.95545313 -0.01768854 0.29461234 -36.89015579
0.30316432 -0.01896223 0.95274962 185.32489014 -0.01108894 0.99966411 0.02342444 -4.69583750 -0.95287378 -0.01766644 0.30285222 -36.67489624
0.31221791 -0.02113849 0.94977531 185.92700195 -0.00855693 0.99964929 0.02506141 -4.69275665 -0.94997198 -0.01595178 0.31192753 -36.46683121
0.32388718 -0.01920715 0.94590072 186.57138062 -0.00971894 0.99967360 0.02362692 -4.69811630 -0.94604579 -0.01684561 0.32359479 -36.24541092
0.33514155 -0.01502842 0.94204792 187.25411987 -0.01054251 0.99975036 0.01969953 -4.69199705 -0.94210880 -0.01653368 0.33489945 -36.01751709
0.34708661 -0.01185468 0.93775815 187.80815125 -0.01176678 0.99978635 0.01699398 -4.67604399 -0.93775926 -0.01693277 0.34687296 -35.79529190
0.35761271 -0.01082642 0.93380723 188.45042419 -0.01094391 0.99981555 0.01578281 -4.65387011 -0.93380586 -0.01586363 0.35742827 -35.57757568
0.36924010 -0.01378892 0.92923174 189.08750916 -0.01090423 0.99975681 0.01916836 -4.67808199 -0.92927006 -0.01721028 0.36899994 -35.33452225
0.38000070 -0.01597741 0.92484820 189.71723938 -0.01069924 0.99970800 0.02166676 -4.66418648 -0.92492432 -0.01812855 0.37971879 -35.08234406
0.39168165 -0.01652263 0.91995244 190.28567505 -0.01244948 0.99965206 0.02325459 -4.65230417 -0.92001657 -0.02056133 0.39133967 -34.80105209
0.40114782 -0.01734188 0.91584916 190.95654297 -0.01542982 0.99955100 0.02568516 -4.63852358 -0.91588337 -0.02443494 0.40070012 -34.50946808
0.40937167 -0.01674944 0.91221395 191.56031799 -0.01854271 0.99947222 0.02667297 -4.62783146 -0.91217926 -0.02783408 0.40884503 -34.20663834
0.41321626 -0.01850777 0.91044483 192.21429443 -0.01889704 0.99940388 0.02889280 -4.61197376 -0.91043683 -0.02914368 0.41262019 -33.90966797
0.41521452 -0.02294401 0.90943415 192.88792419 -0.01672612 0.99932038 0.03284828 -4.62711143 -0.90956975 -0.02885039 0.41454857 -33.59085846
0.41552120 -0.02136728 0.90933249 193.51617432 -0.01310662 0.99947960 0.02947463 -4.58903503 -0.90948906 -0.02416560 0.41502490 -33.32425308
0.41475249 -0.02130581 0.90968480 194.18733215 -0.01123273 0.99952978 0.02853141 -4.59046602 -0.90986493 -0.02205172 0.41431814 -32.99996948
0.41345298 -0.02043164 0.91029621 194.80314636 -0.00786424 0.99963078 0.02600866 -4.57284880 -0.91049151 -0.01791214 0.41313965 -32.67946625
0.41393190 -0.02083891 0.91006929 195.53266907 -0.00606516 0.99965261 0.02564885 -4.55646324 -0.91028764 -0.01613659 0.41366172 -32.42387009
0.41263614 -0.02737050 0.91048463 196.24108887 -0.00296892 0.99950274 0.03139205 -4.55659151 -0.91089110 -0.01565665 0.41234969 -32.15111160
0.41190270 -0.03071017 0.91071019 196.89533997 -0.00189537 0.99940089 0.03455817 -4.51861143 -0.91122586 -0.01596073 0.41159771 -31.80311584
0.41038621 -0.03336973 0.91130106 197.61918640 -0.00083229 0.99931612 0.03696744 -4.50026131 -0.91191144 -0.01592939 0.41007778 -31.49768639
0.40811010 -0.03341008 0.91232117 198.32484436 -0.00108471 0.99931168 0.03708099 -4.47900772 -0.91293207 -0.01612273 0.40779294 -31.17522812
0.40777017 -0.03394226 0.91245351 199.00837708 -0.00204987 0.99927229 0.03808790 -4.46792078 -0.91308230 -0.01740152 0.40740386 -30.85999680
0.40567311 -0.03313028 0.91341760 199.69104004 -0.00360219 0.99927716 0.03784430 -4.45228100 -0.91401113 -0.01864272 0.40526053 -30.53072929
0.40378043 -0.02888510 0.91439981 200.38996887 -0.00270908 0.99945930 0.03276833 -4.43009710 -0.91485191 -0.01570839 0.40348386 -30.23745346
0.40415714 -0.02362802 0.91438434 201.07096863 -0.00336359 0.99962115 0.02731727 -4.42403269 -0.91468338 -0.01411609 0.40392455 -29.93154335
0.40315518 -0.02122647 0.91488542 201.72384644 -0.00548476 0.99965696 0.02561020 -4.40850115 -0.91511519 -0.01534281 0.40290046 -29.63974762
0.40166032 -0.02356140 0.91548558 202.43391418 -0.00623278 0.99957550 0.02846015 -4.38732958 -0.91576752 -0.01713733 0.40134296 -29.31685638
