1.00000000 0.00000000 0.00000000 -0.00000000 0.00000000 1.00000000 0.00000000 -0.00000000 0.00000000 0.00000000 1.00000000 0.00000000
0.99978098 -0.00274285 -0.02074758 -0.00182823 0.00275152 0.99999614 0.00038945 -0.00608123 0.02074643 -0.00044645 0.99978467 0.28921241
0.99906319 -0.00403041 -0.04308713 -0.02795443 0.00404338 0.99999180 0.00021399 -0.01040066 0.04308591 -0.00038801 0.99907130 0.56248313
0.99789086 -0.00615447 -0.06462160 -0.05936770 0.00613631 0.99998106 -0.00047956 -0.00409781 0.06462333 0.00008201 0.99790972 0.84390777
0.99597119 -0.00933774 -0.08918625 -0.10020683 0.00922180 0.99995601 -0.00171200 -0.00888738 0.08919831 0.00088265 0.99601349 1.12238133
0.99356313 -0.01538405 -0.11223033 -0.14179662 0.01499252 0.99987822 -0.00433174 -0.00414680 0.11228330 0.00262124 0.99367278 1.42213154
0.99072884 -0.02003370 -0.13436897 -0.17818010 0.01955490 0.99979686 -0.00488227 -0.02532201 0.13443948 0.00220943 0.99091934 1.74175811
0.98742931 -0.01960201 -0.15684108 -0.24699913 0.01924355 0.99980759 -0.00380375 -0.02547102 0.15688546 0.00073776 0.98761653 2.04444432
0.98338514 -0.01866885 -0.18056896 -0.33545417 0.01840037 0.99982570 -0.00316189 -0.03554984 0.18059652 -0.00021318 0.98355724 2.35148740
0.97892312 -0.02036681 -0.20321100 -0.41521272 0.01967874 0.99979174 -0.00540617 -0.04146679 0.20327879 0.00129329 0.97912005 2.65496969
0.97401618 -0.02564565 -0.22502176 -0.49251986 0.02438187 0.99966748 -0.00839380 -0.04983498 0.22516220 0.00268924 0.97431758 2.97267079
0.96878661 -0.03098155 -0.24595253 -0.58016354 0.02830511 0.99949545 -0.01441053 -0.05716496 0.24627490 0.00699901 0.96917475 3.29799676
0.96316762 -0.03469364 -0.26665423 -0.66480559 0.03054082 0.99933924 -0.01970635 -0.05865788 0.26716172 0.01083668 0.96359077 3.61543989
0.95798983 -0.03804876 -0.28426710 -0.76988435 0.03251323 0.99917906 -0.02416805 -0.06780715 0.28495330 0.01391031 0.95844046 3.94451594
0.95244640 -0.03926250 -0.30216602 -0.89029396 0.03243575 0.99909324 -0.02757948 -0.07344683 0.30297487 0.01646700 0.95285627 4.27731466
0.94584598 -0.04450487 -0.32155045 -1.00482821 0.03667372 0.99886559 -0.03037375 -0.08626281 0.32253746 0.01693644 0.94640517 4.60614443
0.93907615 -0.05153124 -0.33982425 -1.14292634 0.04328951 0.99855651 -0.03179499 -0.10618659 0.34097215 0.01514709 0.93995136 4.96597004
0.93118550 -0.05981293 -0.35960532 -1.28214037 0.05134363 0.99813348 -0.03306636 -0.12471542 0.36091190 0.01232748 0.93251843 5.30941629
0.92250434 -0.06783221 -0.37997964 -1.43427324 0.05857472 0.99763775 -0.03588754 -0.14150994 0.38151636 0.01084920 0.92429841 5.66971445
0.91400125 -0.07211697 -0.39925036 -1.60259950 0.06188465 0.99734131 -0.03847859 -0.16203366 0.40096384 0.01046201 0.91603414 6.03650188
0.90440529 -0.07576324 -0.41989403 -1.79232883 0.06409121 0.99706575 -0.04185936 -0.17921209 0.42183336 0.01094631 0.90660730 6.41810656
0.89482091 -0.07914445 -0.43935373 -1.98751509 0.06522056 0.99677635 -0.04672452 -0.20594615 0.44163540 0.01315518 0.89709816 6.75350952
0.88481463 -0.07819758 -0.45933454 -2.19108343 0.06058393 0.99675577 -0.05298608 -0.22897173 0.46198773 0.01905457 0.88668160 7.12980127
0.87263822 -0.08100345 -0.48160252 -2.43954110 0.05962127 0.99644223 -0.05956668 -0.24692406 0.48471419 0.02326641 0.87436310 7.50788307
0.85991448 -0.08989477 -0.50245996 -2.64860654 0.06520554 0.99565102 -0.06653790 -0.28327784 0.50625618 0.02445373 0.86203636 7.87867165
0.84662619 -0.09922447 -0.52285619 -2.88055253 0.07088904 0.99473632 -0.07398913 -0.31554824 0.52744558 0.02557636 0.84920375 8.26210880
0.83368147 -0.10326148 -0.54250555 -3.14791608 0.07112054 0.99425795 -0.07995618 -0.35251072 0.54764685 0.02807470 0.83623845 8.66327000
0.82137036 -0.10605508 -0.56044897 -3.44230294 0.06984042 0.99386866 -0.08571694 -0.39423227 0.56610339 0.03126336 0.82374119 9.04789639
0.81082056 -0.10374281 -0.57602730 -3.74251366 0.06396331 0.99397744 -0.08898059 -0.44060579 0.58178923 0.03530268 0.81257308 9.45176506
0.80181523 -0.10205725 -0.58879254 -4.07415915 0.05892289 0.99400915 -0.09205377 -0.48701414 0.59465993 0.03911676 0.80302519 9.86911201
0.79275491 -0.10324218 -0.60073347 -4.43100500 0.05753847 0.99382556 -0.09486871 -0.54266518 0.60681873 0.04064235 0.79380050 10.32847500
0.78371620 -0.10526034 -0.61213493 -4.77638245 0.05757498 0.99360372 -0.09714301 -0.58631802 0.61844485 0.04088890 0.78476370 10.74526119
0.77340702 -0.11030481 -0.62423908 -5.13637400 0.06187322 0.99317801 -0.09883895 -0.65866596 0.63088294 0.03781905 0.77495576 11.23225403
0.76394899 -0.11104971 -0.63564920 -5.52436447 0.06135717 0.99311804 -0.09975900 -0.71499455 0.64235289 0.03720915 0.76550522 11.68192196
0.75561357 -0.11182716 -0.64540129 -5.93641233 0.05929579 0.99295123 -0.10262485 -0.78732175 0.65232825 0.03927514 0.75691830 12.14410591
0.74544232 -0.11503522 -0.65656884 -6.36567497 0.05869656 0.99249788 -0.10725047 -0.85265696 0.66398076 0.04141071 0.74660210 12.62315273
0.73581776 -0.11865017 -0.66670410 -6.80062532 0.06013925 0.99209009 -0.11018401 -0.92476189 0.67450389 0.04098026 0.73713304 13.10188484
0.72625863 -0.12082073 -0.67672059 -7.26680374 0.06047087 0.99184563 -0.11218518 -0.99844438 0.68475666 0.04055357 0.72764258 13.59041691
0.71786266 -0.12164778 -0.68547430 -7.75147295 0.05919916 0.99171557 -0.11399863 -1.07833707 0.69366321 0.04125586 0.71911703 14.08794689
0.71158824 -0.12471600 -0.69143915 -8.23679447 0.06086097 0.99136188 -0.11617904 -1.16802871 0.69995580 0.04058998 0.71303179 14.60250378
0.70722017 -0.12731768 -0.69543500 -8.75807953 0.05934084 0.99087009 -0.12105839 -1.25439727 0.70449861 0.04434724 0.70831845 15.11720943
0.70674406 -0.12955168 -0.69550643 -9.28501129 0.05710397 0.99032907 -0.12644153 -1.34724784 0.70516095 0.04964562 0.70730711 15.62777615
0.70713000 -0.12929774 -0.69516132 -9.82671356 0.05300961 0.99006614 -0.13022679 -1.44404411 0.70509371 0.05523704 0.70695950 16.16113472
0.70987658 -0.13022414 -0.69218272 -10.37428284 0.05325610 0.98986970 -0.13161218 -1.55229652 0.70230979 0.05656545 0.70962054 16.70850182
0.71267694 -0.13057821 -0.68923211 -10.94040871 0.05364387 0.98979022 -0.13205173 -1.66348863 0.69943828 0.05713715 0.71240539 17.30360031
0.71670208 -0.12701831 -0.68571457 -11.50689030 0.04942836 0.99005251 -0.13173030 -1.77431738 0.69562559 0.06051763 0.71585100 17.87008858
0.72181858 -0.12401792 -0.68087994 -12.09337139 0.04593126 0.99022881 -0.13167090 -1.88400471 0.69055648 0.06376883 0.72046185 18.47555542
0.72675726 -0.11992896 -0.67634380 -12.68194199 0.04226027 0.99058156 -0.13023918 -2.00712371 0.68559314 0.06606980 0.72498057 19.08219337
0.73226701 -0.11885222 -0.67056631 -13.26969337 0.04243792 0.99070338 -0.12925107 -2.12382412 0.67969408 0.06618885 0.73050324 19.72271538
0.73659161 -0.11755054 -0.66604404 -13.86068726 0.04141145 0.99077119 -0.12906409 -2.24360800 0.67506880 0.06748568 0.73466169 20.35364342
0.74048879 -0.11523509 -0.66211572 -14.45877838 0.04002864 0.99100369 -0.12770824 -2.36903882 0.67087559 0.06806293 0.73843983 21.00107193
0.74423047 -0.11605739 -0.65776264 -15.07216930 0.04316182 0.99108650 -0.12603416 -2.47847438 0.66652687 0.06540823 0.74260602 21.66236115
0.74615141 -0.11574275 -0.65563838 -15.68564510 0.04275335 0.99107006 -0.12630239 -2.61248231 0.66440215 0.06620997 0.74443671 22.35500526
0.74800544 -0.11771424 -0.65317013 -16.28926468 0.04242710 0.99061358 -0.12994106 -2.72667480 0.66233512 0.06948451 0.74597862 23.00718117
0.75020778 -0.11559374 -0.65101948 -16.89813232 0.03687229 0.99038150 -0.13336011 -2.85382867 0.66017325 0.07604321 0.74725412 23.69721985
0.75196268 -0.11434164 -0.64921347 -17.51382256 0.03592397 0.99048648 -0.13283822 -2.97157955 0.65822610 0.07656706 0.74891647 24.40431404
0.75341835 -0.11376928 -0.64762438 -18.13885880 0.03765530 0.99076678 -0.13024314 -3.11017585 0.65646239 0.07374108 0.75074588 25.12516594
0.75516650 -0.11469686 -0.64542093 -18.79479408 0.03963902 0.99076223 -0.12968787 -3.24088812 0.65433348 0.07235208 0.75273692 25.85596275
0.75650626 -0.11481149 -0.64382964 -19.42542076 0.03930221 0.99067140 -0.13048187 -3.37536526 0.65280443 0.07340642 0.75396146 26.61336708
0.75694146 -0.12130261 -0.64212561 -20.07773590 0.04709939 0.99019212 -0.13153409 -3.50929189 0.65178315 0.06931988 0.75523075 27.36404419
0.75829009 -0.11941880 -0.64088633 -20.73283577 0.04404564 0.99021770 -0.13239671 -3.66365576 0.65042764 0.07216686 0.75613215 28.14012909
0.75848577 -0.11555172 -0.64136349 -21.39588356 0.04100598 0.99066701 -0.12998998 -3.79184127 0.65039822 0.07229581 0.75614514 28.90623474
0.75888899 -0.11328260 -0.64129131 -22.07821655 0.04148650 0.99116333 -0.12599252 -3.92890882 0.64989720 0.06900940 0.75688264 29.68375397
0.75895242 -0.10950750 -0.64187175 -22.75341225 0.03883934 0.99161505 -0.12325215 -4.06403112 0.64998672 0.06861264 0.75684184 30.45513153
0.75854670 -0.10804112 -0.64259943 -23.42403793 0.03740007 0.99175168 -0.12259623 -4.19983435 0.65054450 0.06896170 0.75633071 31.23655891
0.75727838 -0.10982686 -0.64379151 -24.09495735 0.03892315 0.99159640 -0.12337575 -4.35424185 0.65193131 0.06837140 0.75518932 32.02621841
0.75566080 -0.10769123 -0.64604903 -24.75279617 0.03710143 0.99184425 -0.12193630 -4.48866940 0.65391149 0.06817314 0.75349332 32.79208755
0.75236787 -0.10669397 -0.65004537 -25.42131042 0.03764892 0.99214789 -0.11926915 -4.62283611 0.65766644 0.06526077 0.75047711 33.55840683
0.75006432 -0.10597861 -0.65281854 -26.07496071 0.03730913 0.99228616 -0.11822100 -4.76031828 0.66031170 0.06431726 0.74823242 34.30443573
0.74901940 -0.10421444 -0.65430061 -26.71799660 0.03354146 0.99225003 -0.11964467 -4.89794731 0.66169850 0.06766998 0.74671003 35.02558899
0.74840456 -0.10122303 -0.65547274 -27.37762833 0.02932575 0.99236899 -0.11976557 -5.03810930 0.66259386 0.07041087 0.74566191 35.75024796
0.74827651 -0.09900137 -0.65595807 -28.03017616 0.02821906 0.99265676 -0.11762753 -5.15544891 0.66278651 0.06950740 0.74557546 36.47260666
0.74815708 -0.09765830 -0.65629554 -28.66107178 0.02826306 0.99290215 -0.11552711 -5.27754974 0.66291943 0.06788350 0.74560690 37.17432022
0.74871036 -0.09782156 -0.65563995 -29.30246353 0.03003261 0.99304207 -0.11386614 -5.40881062 0.66221662 0.06556218 0.74643871 37.89553833
0.74962215 -0.09602224 -0.65486362 -29.90817070 0.02916439 0.99325131 -0.11225535 -5.52585840 0.66122316 0.06505040 0.74736362 38.58294678
0.75013190 -0.09653244 -0.65420457 -30.50788116 0.03109696 0.99334294 -0.11091789 -5.63951015 0.66055667 0.06285927 0.74814010 39.25498962
0.75080968 -0.09709599 -0.65334309 -31.09650803 0.03181702 0.99330476 -0.11105555 -5.76205301 0.65975184 0.06259416 0.74887214 39.90847397
0.75018808 -0.09999203 -0.65362025 -31.63679314 0.03610633 0.99321964 -0.11050379 -5.87822771 0.66023797 0.05929880 0.74871188 40.52875137
0.74957331 -0.09809322 -0.65461254 -32.16444016 0.03483658 0.99343385 -0.10897523 -5.97332668 0.66100398 0.05888047 0.74806873 41.12350082
0.74907492 -0.09566913 -0.65554114 -32.68856049 0.03297820 0.99367607 -0.10733267 -6.08175611 0.66166397 0.05878164 0.74749282 41.70919418
0.74821091 -0.09744705 -0.65626558 -33.15721130 0.03509369 0.99358293 -0.10752392 -6.17101526 0.66253217 0.05741979 0.74682936 42.23941040
0.74789130 -0.09780193 -0.65657702 -33.60778046 0.03344628 0.99338266 -0.10987372 -6.26753235 0.66297809 0.06021354 0.74621336 42.73492813
0.74721246 -0.09791602 -0.65733249 -34.04125595 0.03254102 0.99329089 -0.11096977 -6.35207176 0.66378809 0.06152772 0.74538561 43.21403503
0.74681426 -0.09679032 -0.65795144 -34.47616577 0.02977329 0.99322621 -0.11231766 -6.43525553 0.66436588 0.06429105 0.74463726 43.68494415
0.74616704 -0.09729259 -0.65861134 -34.89102554 0.02827449 0.99300270 -0.11465687 -6.52714729 0.66515810 0.06693127 0.74369678 44.13324738
0.74513194 -0.09769174 -0.65972321 -35.29219818 0.02849579 0.99297353 -0.11485452 -6.59924936 0.66630803 0.06678244 0.74268009 44.58560562
0.74458926 -0.09700988 -0.66043616 -35.70488358 0.02891389 0.99314206 -0.11328214 -6.68172312 0.66689641 0.06525288 0.74228784 45.03821945
0.74449069 -0.09385174 -0.66100337 -36.10829544 0.02606755 0.99340149 -0.11168689 -6.76277113 0.66712374 0.06591911 0.74202465 45.48179626
0.74379959 -0.09185486 -0.66206107 -36.49557114 0.02360899 0.99350461 -0.11131581 -6.83526134 0.66798562 0.06716606 0.74113692 45.89916229
0.74399558 -0.09234540 -0.66177254 -36.89098358 0.02445527 0.99350357 -0.11114221 -6.90883112 0.66773686 0.06650549 0.74142060 46.32504272
0.74456516 -0.09039157 -0.66140161 -37.26842499 0.02269807 0.99364511 -0.11024610 -6.97692394 0.66716379 0.06707287 0.74188524 46.73641968
0.74560787 -0.08911850 -0.66039897 -37.62139511 0.02194030 0.99376294 -0.10933360 -7.05220938 0.66602367 0.06703064 0.74291276 47.13546753
0.74652454 -0.08540881 -0.65985335 -37.99084473 0.01971324 0.99413078 -0.10637380 -7.11758137 0.66506578 0.06640281 0.74382671 47.54424667
0.74715116 -0.08239674 -0.65952704 -38.35583115 0.02053596 0.99467412 -0.10100334 -7.17851734 0.66433683 0.06192074 0.74486402 47.94050217
0.74685867 -0.08153485 -0.65996530 -38.68142700 0.02284969 0.99501522 -0.09707015 -7.25029707 0.66459011 0.05741768 0.74499879 48.34182739
0.74779494 -0.07746790 -0.65939477 -39.05007172 0.01860781 0.99522475 -0.09581990 -7.30711842 0.66366896 0.05938375 0.74566553 48.72636032
0.74817119 -0.07378631 -0.65939021 -39.40962219 0.01425693 0.99535563 -0.09520462 -7.37464952 0.66335255 0.06182847 0.74574837 49.10884476
0.74838072 -0.07396930 -0.65913188 -39.75931168 0.01325072 0.99523098 -0.09664220 -7.43150520 0.66313702 0.06359119 0.74579183 49.48511887
0.74784394 -0.07893844 -0.65916475 -40.10452652 0.01630060 0.99478960 -0.10063771 -7.49382639 0.66367442 0.06451652 0.74523411 49.88153458
0.74755766 -0.08269940 -0.65902834 -40.43412781 0.02080661 0.99464713 -0.10121352 -7.55805922 0.66387094 0.06195080 0.74527677 50.27205276
0.74963294 -0.08026855 -0.65696836 -40.79960632 0.01949447 0.99486568 -0.09930879 -7.61119890 0.66156665 0.06163789 0.74734888 50.66835785
0.75217331 -0.07460100 -0.65472896 -41.17612839 0.01403903 0.99515981 -0.09726183 -7.66888666 0.65881577 0.06396600 0.74957997 51.07258987
0.75504667 -0.06958886 -0.65196773 -41.53095627 0.01256073 0.99570455 -0.09173153 -7.72054195 0.65555073 0.06107240 0.75267749 51.49590302
0.75925346 -0.06876551 -0.64715183 -41.88817596 0.01689349 0.99614934 -0.08602970 -7.77302074 0.65057574 0.05438569 0.75749152 51.93372726
0.76312977 -0.06916870 -0.64253299 -42.24913025 0.02041210 0.99633942 -0.08301274 -7.83818436 0.64592283 0.05023404 0.76174815 52.35593414
0.76635994 -0.07248262 -0.63830926 -42.61333847 0.02505367 0.99623070 -0.08304639 -7.89492702 0.64192271 0.04765144 0.76528725 52.78844833
0.76963847 -0.07515646 -0.63404111 -42.97727585 0.02864171 0.99611218 -0.08330770 -7.94956446 0.63783718 0.04595679 0.76879887 53.23881912
0.77345802 -0.07508073 -0.62938508 -43.34629822 0.03001086 0.99618397 -0.08195631 -8.00529861 0.63313667 0.04450138 0.77275972 53.67985153
0.77715983 -0.07381306 -0.62495939 -43.72329712 0.02946097 0.99627592 -0.08103292 -8.06033897 0.62861328 0.04456362 0.77644023 54.13875198
0.78033373 -0.07444971 -0.62091587 -44.10118484 0.02941582 0.99615897 -0.08247428 -8.11225319 0.62467110 0.04609271 0.77952645 54.59138107
0.78309962 -0.07692269 -0.61712065 -44.48294067 0.03211227 0.99599863 -0.08339987 -8.16529942 0.62106666 0.04549326 0.78243630 55.07997894
0.78514186 -0.07986868 -0.61414432 -44.87035751 0.03541877 0.99581715 -0.08422424 -8.22755527 0.61830232 0.04437574 0.78468658 55.57376862
0.78643027 -0.08030117 -0.61243706 -45.25339127 0.03645455 0.99581910 -0.08375795 -8.28346729 0.61660238 0.04354367 0.78606962 56.06334686
0.78803923 -0.07883544 -0.61055642 -45.65331268 0.03676589 0.99602326 -0.08115379 -8.33318043 0.61452619 0.04150472 0.78780386 56.56921387
0.78851829 -0.07706831 -0.61016341 -46.05438995 0.03757049 0.99630068 -0.07728780 -8.40499687 0.61386266 0.03801870 0.78849681 57.09375763
0.78868972 -0.07520887 -0.61017387 -46.44406891 0.03784272 0.99654605 -0.07391817 -8.45077705 0.61362566 0.03520786 0.78881174 57.60962677
0.78885996 -0.07474506 -0.61001076 -46.85613632 0.03829608 0.99662613 -0.07259320 -8.51585102 0.61337865 0.03390485 0.78906089 58.14291763
0.78779930 -0.07486610 -0.61136513 -47.26267624 0.03858497 0.99663449 -0.07232492 -8.56625938 0.61472226 0.03338801 0.78803666 58.66395569
0.78625823 -0.07547122 -0.61327162 -47.68176270 0.03891870 0.99659078 -0.07274717 -8.61888313 0.61667116 0.03333033 0.78651495 59.19710541
0.78381956 -0.07713485 -0.61617945 -48.10177612 0.03996860 0.99646460 -0.07389726 -8.67763042 0.61970106 0.03329429 0.78413142 59.73598480
0.78023645 -0.07842098 -0.62054914 -48.54492569 0.04142112 0.99640955 -0.07383968 -8.73454952 0.62411167 0.03190857 0.78068333 60.29198456
0.77624100 -0.07825045 -0.62556117 -48.98307037 0.04239090 0.99649986 -0.07204892 -8.79894638 0.62900947 0.02940923 0.77684115 60.82786179
0.77228776 -0.07217123 -0.63115998 -49.43321228 0.03798669 0.99699433 -0.06752273 -8.84567642 0.63413612 0.02817130 0.77270807 61.35992432
0.76766815 -0.07027838 -0.63698239 -49.86607742 0.03841443 0.99722765 -0.06372863 -8.89979553 0.63969520 0.02445313 0.76823961 61.88270950
0.76089496 -0.07221631 -0.64484391 -50.30676651 0.04121334 0.99715956 -0.06304186 -8.96713066 0.64756492 0.02139206 0.76170996 62.40881729
0.75344373 -0.07444751 -0.65328410 -50.75622177 0.04319002 0.99702714 -0.06380829 -9.01798248 0.65609235 0.01986061 0.75441924 62.92204666
0.74494927 -0.07765486 -0.66258608 -51.21184540 0.04371102 0.99674949 -0.06767416 -9.08086872 0.66568756 0.02145150 0.74592218 63.42990494
0.73528811 -0.07680462 -0.67338878 -51.68265533 0.04026123 0.99675350 -0.06972446 -9.12781143 0.67655778 0.02415610 0.73599325 63.93013763
0.72452366 -0.07703073 -0.68493192 -52.16120529 0.03989455 0.99675599 -0.06989934 -9.18163204 0.68809439 0.02331867 0.72524640 64.41067505
0.71326652 -0.07557211 -0.69680681 -52.61619568 0.04056900 0.99695484 -0.06659734 -9.23037815 0.69971782 0.01923290 0.71416039 64.88922882
0.70172140 -0.07213392 -0.70879036 -53.09323120 0.03902585 0.99725937 -0.06285491 -9.29036617 0.71138179 0.01644549 0.70261333 65.36529541
0.69040538 -0.06870906 -0.72015239 -53.60037994 0.03699945 0.99753029 -0.05970229 -9.34662724 0.72247591 0.01457354 0.69124248 65.82869720
0.67844173 -0.06680750 -0.73161026 -54.11462784 0.03441395 0.99765345 -0.05918844 -9.39682198 0.73384773 0.01497830 0.67914884 66.26662445
0.66475702 -0.06933049 -0.74383559 -54.61124039 0.03491990 0.99747971 -0.06176433 -9.45655632 0.74624306 0.01508361 0.66550266 66.70472717
0.65236959 -0.07158309 -0.75451294 -55.12333679 0.03196716 0.99724262 -0.06697208 -9.50561237 0.75722653 0.01957091 0.65285906 67.14152527
0.64067705 -0.07352667 -0.76428185 -55.63147736 0.02902406 0.99701206 -0.07158606 -9.56756115 0.76726171 0.02368098 0.64089678 67.56392670
0.63184195 -0.07051608 -0.77188292 -56.17580795 0.02290442 0.99711674 -0.07234360 -9.61636353 0.77475876 0.02803019 0.63163531 67.98536682
0.62518308 -0.06446849 -0.77781099 -56.71306229 0.01790908 0.99750524 -0.06828292 -9.67294598 0.78027263 0.02875945 0.62477797 68.40277863
0.62166041 -0.05581823 -0.78129550 -57.25209045 0.01303010 0.99805659 -0.06093656 -9.70116043 0.78317849 0.02770149 0.62117959 68.80659485
0.62224636 -0.05188007 -0.78110046 -57.79565048 0.01434640 0.99838969 -0.05488350 -9.76218891 0.78269001 0.02294508 0.62198864 69.23133087
0.62489742 -0.05046447 -0.77907416 -58.34590530 0.01417259 0.99847752 -0.05330844 -9.81335068 0.78057821 0.02227081 0.62466124 69.65370941
0.63007158 -0.05297230 -0.77472817 -58.87540436 0.01261547 0.99823717 -0.05799489 -9.86186695 0.77643458 0.02676737 0.62962914 70.08771515
0.63818202 -0.05496407 -0.76792100 -59.41551590 0.01165253 0.99802363 -0.06174985 -9.90284729 0.76979733 0.03045942 0.63756121 70.52132416
0.64777819 -0.05552463 -0.75980289 -59.92926788 0.01245994 0.99797924 -0.06230715 -9.95807362 0.76172709 0.03089411 0.64716102 70.96668243
0.65948521 -0.05192121 -0.74992229 -60.46511459 0.01131684 0.99818450 -0.05915768 -10.00241661 0.75163235 0.03052686 0.65887550 71.43542480
0.67184766 -0.05291236 -0.73879700 -60.99217224 0.01660940 0.99827057 -0.05639149 -10.04823780 0.74050311 0.02561551 0.67156459 71.91430664
0.68331398 -0.05338970 -0.72817000 -61.50518799 0.02087051 0.99834360 -0.05361408 -10.10461140 0.72982630 0.02143797 0.68329641 72.40711975
0.69421167 -0.05227348 -0.71787021 -62.01739502 0.02321637 0.99846656 -0.05025456 -10.14987755 0.71939638 0.01822096 0.69436074 72.91012573
0.70544320 -0.05036462 -0.70697475 -62.52475357 0.02507410 0.99862109 -0.04612162 -10.17881107 0.70832280 0.01480942 0.70573330 73.41818237
0.71613554 -0.04425685 -0.69655669 -63.02994537 0.02431345 0.99896377 -0.03847392 -10.19818878 0.69753763 0.01061685 0.71646949 73.94066620
0.72599404 -0.04150394 -0.68644743 -63.54159546 0.02705873 0.99912818 -0.03179163 -10.23563576 0.68716845 0.00450614 0.72648415 74.50482941
0.73331355 -0.04064434 -0.67867465 -64.05704498 0.03004078 0.99917363 -0.02737901 -10.27408218 0.67922661 -0.00031051 0.73392855 75.04616547
0.73887665 -0.04207953 -0.67252554 -64.57214355 0.03221122 0.99911295 -0.02712475 -10.31668091 0.67307038 -0.00162102 0.73957666 75.60881042
0.74321480 -0.04215056 -0.66772381 -65.07784271 0.03263589 0.99910943 -0.02674391 -10.35365105 0.66825643 -0.00191529 0.74392854 76.16939545
0.74629752 -0.03755094 -0.66455243 -65.60929871 0.03052933 0.99928773 -0.02218070 -10.36046505 0.66491200 -0.00373494 0.74691237 76.76203156
0.74923786 -0.03547777 -0.66135011 -66.15512085 0.03216878 0.99933504 -0.01716506 -10.35896683 0.66151932 -0.00841412 0.74988092 77.35617828
0.75193208 -0.03065132 -0.65852763 -66.71171570 0.03305019 0.99941513 -0.00878004 -10.38844299 0.65841160 -0.01516247 0.75250533 77.99285889
0.75392520 -0.03232112 -0.65616472 -67.23441315 0.03529633 0.99933928 -0.00867004 -10.41577816 0.65601140 -0.01662364 0.75456788 78.58278656
0.75646560 -0.03234235 -0.65323332 -67.76401520 0.03535017 0.99933848 -0.00854177 -10.44837475 0.65307746 -0.01663036 0.75710849 79.18740082
0.75901973 -0.03072753 -0.65034211 -68.30258179 0.03528316 0.99935911 -0.00603870 -10.45541859 0.65011087 -0.01836263 0.75961745 79.80255890
0.76172422 -0.02577920 -0.64738832 -68.84239197 0.03533686 0.99937387 0.00178236 -10.46473408 0.64693702 -0.02423433 0.76215824 80.42941284
0.76512027 -0.02481709 -0.64340896 -69.37043762 0.03976613 0.99917071 0.00874928 -10.43466473 0.64265825 -0.03228014 0.76547264 81.07041931
0.76898440 -0.01920361 -0.63897904 -69.93733978 0.03708852 0.99920526 0.01460477 -10.44768524 0.63819075 -0.03492963 0.76908549 81.72756195
0.77323151 -0.01680346 -0.63390116 -70.49802399 0.03525443 0.99924190 0.01651537 -10.45706177 0.63314308 -0.03511803 0.77323771 82.40534973
0.77714533 -0.01562140 -0.62912726 -71.03608704 0.03496077 0.99921974 0.01837527 -10.44646072 0.62834933 -0.03627503 0.77708509 83.05271149
0.78112552 -0.01329464 -0.62423246 -71.58016968 0.03488095 0.99914111 0.02236855 -10.43955803 0.62339894 -0.03924647 0.78091836 83.72830200
0.78479964 -0.01413998 -0.61958824 -72.11802673 0.04022606 0.99879376 0.02815817 -10.41526413 0.61844271 -0.04702212 0.78442178 84.42000580
0.78837838 -0.01626328 -0.61497564 -72.66792297 0.04419165 0.99856515 0.03024477 -10.40734959 0.61360136 -0.05102111 0.78796587 85.12512207
0.79197906 -0.01663832 -0.61032150 -73.19108582 0.04392256 0.99859121 0.02977262 -10.39646053 0.60896632 -0.05038617 0.79159412 85.82229614
0.79446320 -0.01925296 -0.60700704 -73.72444916 0.04727637 0.99842496 0.03020838 -10.39138889 0.60546938 -0.05269653 0.79412210 86.51136780
0.79634019 -0.01898780 -0.60455088 -74.27233887 0.04868225 0.99827652 0.03277237 -10.38668919 0.60288667 -0.05552885 0.79589208 87.21907043
0.79798104 -0.01674256 -0.60244996 -74.81597137 0.04992468 0.99801480 0.03839260 -10.36285591 0.60061118 -0.06071369 0.79723275 87.93392944
0.79925071 -0.01397853 -0.60083517 -75.36463165 0.04965957 0.99784685 0.04284372 -10.33093071 0.59894259 -0.06408010 0.79822397 88.67161560
0.79971421 -0.01407375 -0.60021588 -75.89926910 0.05066894 0.99774070 0.04411532 -10.31523323 0.59823894 -0.06569195 0.79862052 89.39483643
0.79950491 -0.01802500 -0.60038903 -76.45949554 0.05452888 0.99760036 0.04266294 -10.29074097 0.59817932 -0.06684777 0.79856927 90.13605499
0.79909990 -0.01702967 -0.60095703 -77.00025177 0.05198403 0.99781215 0.04084821 -10.26485634 0.59894659 -0.06388197 0.79823686 90.85426331
0.79868831 -0.01901696 -0.60144438 -77.57528687 0.05658787 0.99744482 0.04360787 -10.24472713 0.59907829 -0.06886355 0.79772365 91.60372925
0.79776752 -0.01970359 -0.60264314 -78.14827728 0.06156046 0.99690483 0.04889848 -10.20593929 0.59981439 -0.07610861 0.79651126 92.37982941
0.79569588 -0.01978339 -0.60537318 -78.70607758 0.06574373 0.99638235 0.05385140 -10.17379951 0.60211779 -0.08264883 0.79411796 93.11519623
0.79336475 -0.02101091 -0.60838386 -79.27127075 0.06890957 0.99608006 0.05546150 -10.14385223 0.60483374 -0.08592467 0.79170266 93.84912109
0.79031853 -0.02210609 -0.61229727 -79.85848236 0.07065637 0.99596992 0.05524121 -10.10543919 0.60860850 -0.08692085 0.78869542 94.61593628
0.78603728 -0.02411050 -0.61770873 -80.43796539 0.07393410 0.99573338 0.05521587 -10.07172585 0.61374191 -0.08907148 0.78446615 95.35467529
0.78108580 -0.02169296 -0.62404678 -81.04633331 0.07400004 0.99556936 0.05801413 -10.02130127 0.62002336 -0.09149350 0.77923037 96.09719086
0.77631253 -0.02330434 -0.62991727 -81.66024780 0.07717230 0.99531266 0.05828500 -9.98089218 0.62560634 -0.09385954 0.77447214 96.85039520
0.77172526 -0.02381645 -0.63550995 -82.27355194 0.07943260 0.99508281 0.05916635 -9.94031429 0.63097589 -0.09614037 0.76982235 97.59840393
0.76762815 -0.02142522 -0.64053726 -82.90832520 0.07795388 0.99514171 0.06013462 -9.89523029 0.63613695 -0.09609339 0.76556897 98.34773254
0.76300750 -0.02008928 -0.64607737 -83.54914093 0.07877395 0.99495682 0.06209341 -9.85118866 0.64157168 -0.09827180 0.76074203 99.09440613
0.75822922 -0.02505507 -0.65150648 -84.17682648 0.08624124 0.99433517 0.06212906 -9.80601501 0.64625916 -0.10329479 0.75609476 99.83850098
0.75447826 -0.02641651 -0.65579320 -84.84162903 0.08629156 0.99450852 0.05921632 -9.76695156 0.65062764 -0.10126685 0.75261458 100.60291290
0.75129341 -0.02829552 -0.65936150 -85.49943542 0.08689958 0.99462308 0.05633284 -9.71939278 0.65422220 -0.09962073 0.74971263 101.34844208
0.74835174 -0.02994815 -0.66262567 -86.17406464 0.08812766 0.99461296 0.05457632 -9.68475914 0.65742162 -0.09923793 0.74695960 102.10820770
0.74588469 -0.03208077 -0.66530207 -86.87672424 0.09237784 0.99416892 0.05562814 -9.64304733 0.65963805 -0.10295134 0.74449893 102.88983154
0.74403089 -0.03520815 -0.66721692 -87.54676819 0.10042668 0.99315891 0.05958072 -9.59429169 0.66055471 -0.11133627 0.74247674 103.65410614
0.74171155 -0.03615486 -0.66974383 -88.25854492 0.10244764 0.99293601 0.05985442 -9.55107212 0.66284874 -0.11300839 0.74017609 104.43851471
0.74138488 -0.03783583 -0.67001262 -88.92659760 0.09969312 0.99354057 0.05420725 -9.51410770 0.66363374 -0.10698409 0.74036792 105.19207001
0.74142697 -0.03910648 -0.66989307 -89.65467072 0.09574800 0.99425096 0.04793077 -9.47034264 0.66416743 -0.09967808 0.74090884 105.97894287
0.74271560 -0.03687754 -0.66859075 -90.36581421 0.09301667 0.99448376 0.04847631 -9.44085312 0.66311495 -0.09819419 0.74204883 106.77260590
0.74348681 -0.03100695 -0.66803138 -91.08778381 0.08797938 0.99477747 0.05174382 -9.38547897 0.66293815 -0.09724384 0.74233190 107.53312683
0.74427138 -0.02910671 -0.66724277 -91.82205963 0.08762685 0.99466944 0.05435293 -9.35138130 0.66210395 -0.09892171 0.74285453 108.33457184
0.74622059 -0.03262860 -0.66489864 -92.54299164 0.09106269 0.99441232 0.05340148 -9.30037975 0.65944099 -0.10039674 0.74502220 109.15247345
0.74820063 -0.03842858 -0.66235871 -93.24401093 0.09159414 0.99474483 0.04575189 -9.28468895 0.65711972 -0.09489977 0.74778854 109.94247437
0.74944076 -0.04045098 -0.66083452 -93.99382019 0.08645229 0.99556483 0.03710353 -9.24103451 0.65640273 -0.08493755 0.74961394 110.75099945
0.75134492 -0.04496379 -0.65837608 -94.69330597 0.08695569 0.99572249 0.03123179 -9.23530674 0.65415557 -0.08071539 0.75204090 111.55744171
0.75260601 -0.04610609 -0.65685495 -95.40444946 0.08765537 0.99568248 0.03054393 -9.19976807 0.65261071 -0.08056440 0.75339806 112.37651062
0.75429077 -0.04821554 -0.65476767 -96.13927460 0.09074655 0.99538384 0.03124210 -9.18481636 0.65023880 -0.08298354 0.75518424 113.21661377
0.75482412 -0.05050909 -0.65397965 -96.84064484 0.09456938 0.99499397 0.03230531 -9.16148663 0.64907409 -0.08623127 0.75582206 114.04241943
0.75531719 -0.05574077 -0.65298461 -97.57701874 0.09786428 0.99479782 0.02828210 -9.15057850 0.64801121 -0.08526582 0.75684293 114.89669037
0.75610330 -0.06018970 -0.65167860 -98.29434204 0.09957831 0.99474842 0.02365871 -9.14671803 0.64683225 -0.08278148 0.75812616 115.71754456
0.75655524 -0.05453097 -0.65165216 -99.03002167 0.09236689 0.99543728 0.02393684 -9.13298988 0.64737356 -0.07830062 0.75814015 116.55388641
0.75689370 -0.05203756 -0.65146298 -99.76138306 0.09125238 0.99547504 0.02650383 -9.11247444 0.64713594 -0.07950813 0.75821734 117.39453125
0.75767818 -0.04845146 -0.65082734 -100.51165771 0.08700835 0.99583736 0.02715706 -9.11204338 0.64680238 -0.07720373 0.75873992 118.24240875
0.75834398 -0.04348177 -0.65040276 -101.23986053 0.08230196 0.99617479 0.02936296 -9.08838654 0.64663808 -0.07579664 0.75902178 119.08002472
0.75877155 -0.04382787 -0.64988065 -101.99948120 0.08400093 0.99598626 0.03090654 -9.06849384 0.64591763 -0.07804158 0.75940762 119.95165253
0.75904021 -0.04490031 -0.64949359 -102.71073151 0.08261825 0.99619666 0.02768471 -9.05514145 0.64578029 -0.07467383 0.75986290 120.78656769
0.75886152 -0.05203976 -0.64916952 -103.45745087 0.08634841 0.99604169 0.02109266 -9.04592991 0.64550225 -0.07206117 0.76035126 121.63820648
0.75889076 -0.05543738 -0.64885400 -104.19447327 0.08658352 0.99611352 0.01616004 -9.04130840 0.64543637 -0.06844377 0.76074131 122.49633026
0.75861095 -0.05763949 -0.64898931 -104.91913605 0.08944293 0.99586175 0.01610415 -9.03309345 0.64537539 -0.07026428 0.76062707 123.36869049
0.75893744 -0.05579255 -0.64876895 -105.66037750 0.08663694 0.99611647 0.01568530 -9.03141499 0.64537431 -0.06811152 0.76082378 124.21810913
0.75930014 -0.05926116 -0.64803659 -106.42670441 0.08556339 0.99629075 0.00914600 -9.03618813 0.64509085 -0.06239276 0.76155429 125.09429932
0.76002931 -0.06341828 -0.64678711 -107.15988159 0.08256207 0.99658568 -0.00069908 -9.05484009 0.64462310 -0.05286876 0.76267027 125.92956543
0.76102708 -0.06689866 -0.64526146 -107.91040802 0.08230595 0.99658751 -0.00625066 -9.07953453 0.64347767 -0.04835193 0.76393624 126.81310272
0.76092828 -0.06979183 -0.64507152 -108.63414001 0.08679942 0.99621121 -0.00539362 -9.08618546 0.64300390 -0.05188768 0.76410317 127.66277313
0.76106139 -0.07148873 -0.64472857 -109.35212708 0.09153807 0.99579878 -0.00236115 -9.11413097 0.64218871 -0.05722023 0.76440794 128.53746033
0.76122937 -0.07234397 -0.64443479 -110.09612274 0.09347465 0.99562074 -0.00135236 -9.13008785 0.64171048 -0.05920887 0.76465808 129.42134094
0.76159506 -0.07442392 -0.64376552 -110.81793213 0.09527073 0.99544857 -0.00237271 -9.16290188 0.64101205 -0.05952497 0.76521914 130.26542664
0.76241266 -0.07474178 -0.64276014 -111.55931854 0.09295295 0.99565520 -0.00552077 -9.19132900 0.64038011 -0.05553735 0.76604760 131.13035583
0.76372192 -0.07223629 -0.64149103 -112.31755066 0.08755360 0.99612821 -0.00793463 -9.21263790 0.63958048 -0.05010500 0.76708950 132.00653076
0.76465116 -0.06968623 -0.64066562 -113.03586578 0.08532873 0.99633145 -0.00653051 -9.24688911 0.63877040 -0.04967362 0.76779223 132.87351990
0.76522524 -0.06593216 -0.64037746 -113.78349304 0.08413686 0.99645209 -0.00205283 -9.25759125 0.63824080 -0.05230847 0.76805761 133.74894714
0.76655591 -0.06571005 -0.63880688 -114.50878143 0.08641290 0.99625867 0.00121494 -9.27693462 0.63633706 -0.05613247 0.76936617 134.61552429
0.76846563 -0.06510043 -0.63657090 -115.23012543 0.08410900 0.99645649 -0.00036895 -9.29641724 0.63433922 -0.05325781 0.77121810 135.49008179
0.77014086 -0.07028183 -0.63399016 -115.96194458 0.08756602 0.99615045 -0.00405860 -9.32226944 0.63183483 -0.05239030 0.77333047 136.37844849
0.77177128 -0.07259910 -0.63174240 -116.66860962 0.08892465 0.99602132 -0.00582636 -9.34830284 0.62965189 -0.05168085 0.77515649 137.23143005
0.77296361 -0.07407385 -0.63011136 -117.37294769 0.09058666 0.99587081 -0.00594782 -9.36077595 0.62795009 -0.05248224 0.77648200 138.11433411
0.77480903 -0.07429368 -0.62781479 -118.10342407 0.09091007 0.99584308 -0.00564960 -9.39024734 0.62562475 -0.05269733 0.77834226 138.99406433
0.77727164 -0.06983568 -0.62527736 -118.81117249 0.08632311 0.99625931 -0.00396295 -9.40834332 0.62321515 -0.05089560 0.78039254 139.85449219
0.77997733 -0.06922570 -0.62196718 -119.52756500 0.08762814 0.99615277 -0.00098302 -9.42482471 0.61964237 -0.05373510 0.78304270 140.74502563
0.78168204 -0.06581825 -0.62019444 -120.22743225 0.08495349 0.99638403 0.00133242 -9.43197060 0.61786414 -0.05372921 0.78444699 141.60537720
0.78290886 -0.06985965 -0.61820170 -120.91408539 0.08931561 0.99600322 0.00055895 -9.45527458 0.61569184 -0.05565267 0.78601930 142.50321960
0.78447227 -0.07019545 -0.61617842 -121.61132050 0.08664031 0.99623456 -0.00318774 -9.48324013 0.61408200 -0.05088520 0.78760014 143.39384460
0.78550965 -0.07328215 -0.61449517 -122.28491211 0.08809586 0.99609285 -0.00617689 -9.50961399 0.61254690 -0.04928248 0.78889640 144.25061035
0.78576541 -0.07360462 -0.61412953 -122.96572876 0.08817328 0.99608351 -0.00656675 -9.53207207 0.61220763 -0.04898989 0.78917793 145.12867737
0.78645628 -0.07193082 -0.61344313 -123.67015076 0.08691769 0.99620097 -0.00538044 -9.55219650 0.61149966 -0.04908758 0.78972057 146.00933838
0.78634022 -0.07140057 -0.61365383 -124.33652496 0.08626974 0.99625734 -0.00537105 -9.58681297 0.61174062 -0.04871628 0.78955692 146.87020874
0.78591738 -0.07080044 -0.61426475 -125.03414154 0.08610178 0.99627541 -0.00466875 -9.60290527 0.61230741 -0.04922004 0.78908620 147.74609375
0.78566569 -0.06842468 -0.61485567 -125.69839478 0.08424967 0.99643943 -0.00323485 -9.63900280 0.61288777 -0.04925988 0.78863302 148.58161926
0.78413566 -0.06790357 -0.61686333 -126.34166718 0.08471226 0.99640345 -0.00199955 -9.65415668 0.61478053 -0.05068797 0.78706774 149.40252686
0.78257190 -0.06957012 -0.61866083 -126.99752808 0.08517118 0.99635703 -0.00430624 -9.69260311 0.61670665 -0.04932213 0.78564638 150.25022888
0.78104214 -0.07098310 -0.62043096 -127.63694763 0.08446821 0.99639671 -0.00766256 -9.71345806 0.61873928 -0.04642191 0.78422363 151.02638245
0.77945782 -0.07253114 -0.62224170 -128.29885864 0.08392028 0.99641151 -0.01102230 -9.75556660 0.62080826 -0.04362728 0.78274758 151.83100891
0.77843388 -0.07177059 -0.62361020 -128.95285034 0.08209346 0.99654975 -0.01221698 -9.77115440 0.62233541 -0.04168421 0.78163999 152.64741516
0.77735937 -0.07012256 -0.62513618 -129.58871460 0.07979787 0.99673173 -0.01257607 -9.80208492 0.62397493 -0.04010841 0.78041438 153.43527222
0.77633873 -0.06938763 -0.62648507 -130.25059509 0.07842783 0.99683215 -0.01321860 -9.83335018 0.62541767 -0.03887175 0.77932133 154.24418640
0.77578689 -0.07006509 -0.62709297 -130.90878296 0.07848721 0.99681290 -0.01427610 -9.85772324 0.62609461 -0.03814356 0.77881359 155.06317139
0.77513070 -0.06842598 -0.62808462 -131.53799438 0.07683766 0.99694832 -0.01378466 -9.88253307 0.62711113 -0.03757564 0.77802294 155.83973694
0.77519691 -0.06816501 -0.62803127 -132.21141052 0.07687078 0.99695205 -0.01332299 -9.91785336 0.62702522 -0.03794932 0.77807405 156.65646362
0.77628836 -0.06739527 -0.62676492 -132.84469604 0.07634416 0.99700129 -0.01264922 -9.94793510 0.62573793 -0.03803040 0.77910573 157.42779541
0.77771220 -0.06715698 -0.62502294 -133.49133301 0.07639243 0.99700476 -0.01207075 -9.98096371 0.62396148 -0.03835945 0.78051305 158.21063232
0.78025276 -0.06717561 -0.62184650 -134.15153503 0.07689159 0.99697632 -0.01122079 -10.00940609 0.62072000 -0.03905971 0.78305876 159.02229309
0.78182499 -0.06660247 -0.61993048 -134.77801514 0.07413512 0.99715500 -0.01363427 -10.04649734 0.61907485 -0.03529901 0.78453828 159.78184509
0.78360439 -0.07312563 -0.61694149 -135.41023254 0.07875737 0.99672933 -0.01810842 -10.07307339 0.61624787 -0.03439885 0.78680067 160.58308411
0.78521001 -0.07873378 -0.61420374 -136.03086853 0.08198248 0.99637030 -0.02291509 -10.10902023 0.61377855 -0.03236079 0.78881472 161.39086914
0.78665050 -0.08363771 -0.61170722 -136.64665222 0.08662858 0.99593273 -0.02476859 -10.15078354 0.61129083 -0.03350710 0.79069640 162.18283081
0.78831030 -0.08337960 -0.60960209 -137.27127075 0.08809590 0.99586259 -0.02228948 -10.19225311 0.60893840 -0.03613242 0.79239414 162.99832153
0.79054229 -0.08079173 -0.60705485 -137.85972595 0.08934493 0.99586918 -0.01618808 -10.21098900 0.60585508 -0.04143991 0.79449503 163.77920532
0.79309567 -0.07815094 -0.60406265 -138.43859863 0.08896403 0.99596196 -0.01204905 -10.24821949 0.60256507 -0.04418379 0.79684574 164.53932190
0.79639675 -0.07412587 -0.60021460 -139.01440430 0.08575770 0.99627307 -0.00925079 -10.28163242 0.59866337 -0.04410573 0.79978550 165.28126526
0.79943017 -0.07139437 -0.59650168 -139.53588867 0.08369169 0.99646639 -0.00710212 -10.31081676 0.59490092 -0.04424459 0.80258041 165.96983337
0.80323410 -0.06979940 -0.59155982 -140.04977417 0.08179683 0.99662764 -0.00652851 -10.34141159 0.59002056 -0.04314380 0.80623468 166.66241455
0.80827975 -0.07155043 -0.58443510 -140.54400635 0.08442184 0.99641637 -0.00523164 -10.36173916 0.58271503 -0.04511046 0.81142359 167.34397888
0.81421165 -0.06677992 -0.57671468 -140.99205017 0.07790309 0.99694601 -0.00545568 -10.38790989 0.57531773 -0.04048578 0.81692742 167.96969604
0.82043052 -0.06455430 -0.56809022 -141.45240784 0.07304318 0.99729797 -0.00783858 -10.40790272 0.56706124 -0.03506410 0.82292895 168.60906982
0.82603741 -0.07151015 -0.55906036 -141.87016296 0.07861288 0.99684057 -0.01135305 -10.42920399 0.55810591 -0.03457130 0.82904923 169.25177002
0.83095011 -0.07834482 -0.55080305 -142.27783203 0.08400570 0.99635257 -0.01498632 -10.46029758 0.54996814 -0.03381771 0.83450069 169.91394043
0.83603935 -0.08008178 -0.54279381 -142.71060181 0.08181788 0.99642627 -0.02098886 -10.47938538 0.54253483 -0.02686272 0.83960369 170.56042480
0.84082055 -0.07979522 -0.53540034 -143.11010742 0.07792515 0.99661603 -0.02615637 -10.52050495 0.53567572 -0.01972834 0.84419329 171.19714355
0.84556770 -0.07766106 -0.52818939 -143.54241943 0.07562318 0.99681036 -0.02550001 -10.53186035 0.52848501 -0.01838137 0.84874361 171.86585999
0.85105476 -0.07518815 -0.51966580 -143.96774292 0.07513505 0.99694808 -0.02119562 -10.56135464 0.51967348 -0.02100648 0.85410667 172.53933716
0.85556504 -0.07320190 -0.51249385 -144.36483765 0.07469182 0.99704919 -0.01772155 -10.58175373 0.51227883 -0.02311716 0.85850801 173.20077515
0.85944365 -0.07019682 -0.50638821 -144.74818420 0.07149665 0.99729760 -0.01690358 -10.60241985 0.50620632 -0.02167738 0.86213992 173.84202576
0.86252414 -0.06945188 -0.50122704 -145.12286377 0.07079179 0.99735666 -0.01637714 -10.65089607 0.50103955 -0.02135708 0.86516082 174.49214172
0.86491982 -0.06604038 -0.49754635 -145.50224304 0.06886942 0.99754502 -0.01268569 -10.65793419 0.49716265 -0.02329362 0.86734463 175.12551880
0.86754727 -0.06371862 -0.49325619 -145.87953186 0.06927214 0.99757304 -0.00702905 -10.66856956 0.49250696 -0.02807088 0.86985569 175.79814148
0.86976363 -0.06126161 -0.48965114 -146.25872803 0.06982446 0.99755899 -0.00077869 -10.67413807 0.48850360 -0.03351235 0.87191809 176.47677612
